85 0
466 2
66 0
64 0
66 0
66 0
46 0
70 0
69 0
117 1
141 1
426 1
49 0
210 2
69 0
48 0
73 0
262 3
70 0
71 0
72 0
48 0
71 0
603 3
72 0
73 0
47 0
79 0
150 1
83 0
55 0
71 0
181 2
137 1
69 0
100 0
50 0
70 0
71 0
70 0
71 0
46 0
69 0
412 1
117 1
69 0
68 0
69 0
46 0
139 1
118 1
49 0
68 0
69 0
68 0
46 0
138 1
69 0
186 2
70 0
69 0
46 0
72 0
70 0
70 0
70 0
46 0
73 0
71 0
69 0
119 1
71 0
72 0
71 0
46 0
71 0
72 0
71 0
71 0
48 0
71 0
74 0
117 1
46 0
70 0
259 3
71 0
74 0
70 0
48 0
70 0
188 2
71 0
71 0
70 0
72 0
186 2
71 0
117 1
72 0
335 4
143 1
135 1
68 0
102 0
93 1
68 0
339 0
193 2
68 0
103 0
81 0
60 0
86 1
78 0
80 1
62 0
91 0
95 0
82 0
80 1
55 0
85 0
99 0
83 0
96 0
55 0
80 1
77 0
80 0
55 0
87 1
92 0
87 0
79 0
53 0
77 0
81 0
79 0
53 1
350 0
77 0
81 1
365 0
50 0
68 0
65 0
65 1
67 0
49 0
64 1
65 0
65 1
45 0
71 0
63 0
66 0
65 0
50 0
69 0
71 1
64 0
63 0
46 0
63 0
65 1
71 0
49 0
65 1
67 0
64 0
67 0
48 0
63 1
65 0
68 0
46 0
47 1
62 0
64 0
65 0
46 0
64 0
77 0
63 0
66 0
46 0
63 0
65 1
72 0
45 0
64 1
64 0
65 0
64 0
47 0
64 0
64 0
64 0
65 0
48 1
70 0
64 0
69 0
111 0
64 0
353 0
80 0
73 1
48 1
64 0
64 0
64 0
45 1
46 0
65 0
83 0
69 0
52 0
69 1
68 0
69 0
71 1
63 0
73 1
104 0
82 0
51 1
73 0
69 0
67 0
71 0
47 1
69 0
69 1
69 0
69 0
48 0
71 0
67 0
68 0
46 0
69 0
70 0
69 0
67 0
48 0
69 0
620 1
68 1
46 0
45 0
68 0
68 0
76 0
54 0
340 1
68 0
67 0
68 1
48 0
77 1
69 0
71 1
49 0
82 0
80 0
92 1
79 0
89 0
84 0
76 0
70 1
80 0
52 1
79 0
78 0
76 0
53 1
70 0
76 0
71 1
82 1
49 0
68 0
70 0
71 1
52 1
52 1
75 0
79 1
80 0
49 1
73 1
74 0
75 1
75 0
46 0
73 1
73 0
72 0
48 0
74 0
74 0
74 1
72 0
50 1
73 0
94 0
72 0
73 0
46 1
71 0
73 0
73 1
47 0
73 0
75 1
73 0
368 0
49 0
73 0
74 0
80 0
46 0
47 1
73 0
74 0
78 0
49 0
71 0
75 0
76 1
72 0
45 0
74 1
73 0
74 0
46 0
72 0
73 0
68 1
67 0
46 0
69 0
68 0
69 0
68 0
46 0
105 0
68 0
71 0
47 0
68 1
77 0
68 1
70 0
46 0
364 1
91 0
81 0
57 0
55 0
88 0
77 1
69 0
48 0
103 0
78 0
69 1
72 0
56 0
75 0
77 1
72 0
55 1
71 0
70 0
90 0
80 0
61 0
79 0
360 0
64 0
64 0
55 1
64 0
69 1
65 0
53 0
66 1
351 1
63 0
65 0
49 1
64 0
63 1
65 1
48 1
46 0
65 1
69 0
65 0
46 0
66 0
64 0
66 0
65 0
45 0
66 1
84 0
70 0
46 0
65 0
63 0
65 0
67 0
51 1
65 1
648 0
64 0
63 0
46 1
63 1
64 0
66 0
45 0
64 1
64 0
66 0
67 0
45 0
65 0
65 0
64 1
45 0
48 1
64 0
65 1
64 0
50 0
65 0
70 0
63 0
65 0
46 0
64 0
65 0
63 0
47 0
64 1
65 0
63 0
65 0
47 1
66 1
66 0
64 0
346 0
49 0
64 0
65 0
65 0
47 0
66 1
65 0
67 0
66 1
46 0
67 0
65 1
69 0
46 0
46 0
66 1
66 0
70 0
47 1
67 1
76 0
70 0
66 1
46 0
66 0
69 0
73 0
50 0
122 0
68 0
70 0
73 0
63 0
79 0
68 0
81 1
109 0
54 0
81 0
82 0
78 1
45 0
74 0
81 0
81 0
72 1
53 0
70 0
77 0
71 0
45 0
46 0
73 0
71 0
70 1
47 1
82 1
72 0
72 0
69 0
46 0
71 1
71 1
72 0
46 1
73 0
78 0
71 0
71 0
48 0
72 0
71 0
75 0
72 0
98 0
128 0
68 0
72 1
47 0
71 0
74 0
71 0
81 0
329 1
74 0
69 0
70 0
50 0
58 1
72 0
70 0
71 1
72 0
77 0
70 1
95 1
73 0
52 0
78 0
70 0
70 1
51 1
69 0
70 1
71 0
82 0
56 0
71 0
69 0
70 0
69 0
58 0
370 0
75 0
74 1
50 0
81 0
76 1
73 0
101 0
65 0
87 0
74 0
81 0
53 0
60 1
91 0
81 0
96 0
52 1
96 0
86 1
74 0
91 0
52 0
80 0
77 1
73 0
54 0
73 0
77 0
72 1
72 0
44 1
73 0
73 0
74 1
73 0
49 1
73 0
75 0
102 1
48 0
72 1
74 1
80 0
84 0
46 0
77 0
76 0
74 0
48 0
47 0
87 0
78 1
80 1
53 0
77 1
79 0
160 1
80 1
53 0
78 0
79 0
80 0
52 0
78 0
74 0
76 0
76 1
46 1
74 0
73 0
84 0
76 1
45 1
74 0
74 0
76 0
47 1
75 0
75 0
74 0
76 1
49 1
67 0
69 0
65 1
48 0
50 0
71 0
66 1
64 1
49 0
81 0
66 0
68 0
72 0
54 0
75 0
70 1
70 0
52 0
68 0
69 0
70 0
69 0
52 0
71 0
68 0
69 0
70 1
55 0
65 1
67 0
70 0
47 0
67 0
73 0
71 1
76 0
46 0
69 0
73 0
69 0
46 0
48 1
86 1
79 1
80 1
55 0
74 0
80 1
69 1
91 0
56 1
74 0
81 0
69 0
47 0
73 1
70 0
72 0
79 0
46 1
70 0
69 0
74 0
72 0
46 0
71 0
72 0
72 0
58 1
71 0
74 0
75 0
75 0
47 0
73 0
75 0
73 0
48 0
45 0
73 1
70 0
68 0
56 0
174 1
90 0
99 1
71 0
50 0
80 0
80 0
70 0
50 1
72 1
69 1
70 1
79 0
48 0
72 0
71 1
69 1
80 0
49 0
81 0
70 0
79 0
58 0
72 1
82 0
87 0
72 0
56 0
76 1
81 0
76 0
57 0
64 0
358 0
70 0
70 0
60 0
70 0
86 0
78 0
87 1
77 0
82 1
102 0
77 0
60 0
80 1
70 0
72 1
69 0
57 0
74 0
77 0
70 0
84 0
65 0
72 1
66 0
69 1
52 0
69 1
69 0
73 1
78 0
51 0
69 0
70 0
72 0
50 0
50 0
70 0
68 0
71 1
59 1
69 0
69 0
76 0
74 0
51 0
80 0
69 1
69 0
48 1
65 0
67 1
63 0
68 0
48 0
65 0
69 0
63 1
65 0
47 0
65 0
63 0
70 0
46 0
81 0
63 1
73 0
69 0
342 0
69 0
71 0
69 0
51 0
49 0
68 0
71 0
69 0
48 0
65 1
63 1
64 1
64 0
48 0
64 0
65 1
64 1
46 1
64 0
65 1
68 1
71 0
61 0
66 0
64 0
65 1
70 0
47 0
71 1
73 0
70 0
48 0
70 0
70 0
71 1
71 0
47 0
70 0
69 1
69 1
45 1
47 0
70 0
84 0
70 0
55 0
69 0
69 0
70 0
70 1
47 0
72 0
70 0
74 0
47 0
70 0
71 0
357 1
69 0
47 1
71 0
71 1
74 1
71 1
53 0
357 1
72 0
70 0
46 0
70 1
71 0
69 0
70 0
47 0
71 0
71 0
360 1
47 0
46 0
72 1
72 1
70 0
45 0
70 0
69 0
70 0
74 1
46 0
75 0
75 1
73 0
46 1
74 1
77 0
77 1
74 1
51 0
73 0
74 1
76 0
77 0
51 0
73 0
75 0
74 0
45 0
73 0
79 0
74 0
73 0
46 0
74 0
74 0
74 0
47 0
45 0
74 0
73 0
74 0
48 1
75 1
361 0
73 0
74 0
46 0
74 1
73 1
74 1
47 0
75 0
72 0
80 0
90 0
51 0
81 0
76 0
77 0
74 0
54 1
74 1
77 0
76 0
50 0
81 1
75 0
79 1
73 0
47 0
74 1
72 0
74 0
50 0
48 0
75 0
74 1
83 1
47 0
75 0
76 1
76 0
75 0
47 0
74 0
86 0
72 0
48 0
73 1
75 0
65 0
67 1
67 0
74 0
79 1
92 1
68 1
360 0
71 0
70 1
69 0
101 0
73 1
67 1
67 1
77 1
49 0
67 0
67 0
67 1
48 0
47 0
68 0
67 1
71 1
46 0
67 1
67 1
67 0
349 0
53 0
64 0
64 0
66 0
48 0
64 0
64 0
64 1
65 0
49 1
66 0
67 1
67 0
335 1
62 0
64 0
66 0
69 1
49 0
69 0
66 1
64 0
66 0
50 0
65 0
67 0
65 0
55 0
49 1
66 0
65 1
66 0
51 1
65 0
63 1
64 0
67 1
47 0
66 1
64 0
65 0
48 0
64 0
64 0
65 0
66 1
45 0
63 1
65 0
65 0
66 0
45 0
67 1
65 0
64 0
54 0
65 0
62 0
69 0
64 0
46 0
66 0
65 0
65 0
315 0
47 0
65 0
64 0
65 0
46 0
64 0
65 0
78 0
63 0
72 0
67 0
65 1
68 0
340 0
68 0
70 0
82 0
69 0
51 0
357 0
70 0
64 0
65 0
46 0
73 0
72 0
68 0
49 1
70 0
70 0
70 0
69 1
47 0
68 0
69 0
71 1
76 0
48 0
93 0
68 1
69 0
46 1
69 0
71 0
67 0
68 0
47 0
73 1
86 0
74 0
46 0
67 0
73 0
69 0
90 0
50 0
70 0
69 0
71 0
68 0
47 1
68 0
68 0
68 1
47 0
69 0
68 0
69 0
68 0
46 0
70 0
69 0
71 0
48 0
47 1
68 0
69 0
69 0
45 0
69 1
69 0
67 0
68 1
52 0
71 1
68 0
69 1
332 0
67 1
69 0
72 1
68 1
46 0
70 1
69 0
69 0
355 0
52 0
68 0
70 1
67 1
54 0
66 0
68 0
66 0
65 0
48 1
67 1
66 0
69 0
46 0
45 0
67 0
66 0
67 1
46 0
67 0
67 0
67 0
66 1
47 0
67 0
69 0
67 0
45 1
69 0
67 0
67 1
81 0
51 0
74 0
87 0
72 1
72 1
48 0
81 0
73 0
111 0
55 0
70 0
71 0
69 1
70 0
50 1
70 1
72 1
79 0
348 0
50 0
76 0
77 1
80 0
49 0
80 0
79 0
80 1
78 0
49 0
72 0
71 1
79 0
53 0
82 0
75 0
79 1
72 0
58 0
78 0
102 0
101 0
76 0
66 0
76 0
70 0
70 0
48 0
69 1
69 0
71 0
69 1
52 0
74 0
72 0
69 0
50 1
48 1
72 1
70 0
72 1
45 0
71 0
68 0
75 0
69 0
49 1
70 0
72 0
71 0
45 0
70 0
71 0
71 1
70 1
46 0
70 0
72 0
71 0
70 0
47 1
70 0
73 0
70 0
47 1
72 0
70 1
73 0
72 0
46 1
70 1
73 0
73 0
46 0
49 1
70 0
71 0
70 1
47 0
70 0
72 0
69 0
69 0
51 1
78 0
70 0
74 0
46 1
70 0
69 0
73 1
74 0
47 0
71 0
75 0
70 0
71 1
47 1
70 0
71 0
70 0
45 0
69 0
71 0
76 0
72 1
45 1
70 1
70 0
71 1
46 0
48 1
71 0
72 0
71 0
47 0
70 1
69 0
70 0
71 0
47 0
69 1
69 0
72 0
47 0
72 1
77 0
72 0
70 1
51 0
69 0
73 1
69 0
70 0
59 1
78 0
68 0
75 0
48 1
69 0
71 1
73 0
71 0
47 0
70 0
72 0
69 0
47 0
44 0
71 0
71 0
75 1
46 0
73 0
74 0
70 0
75 1
46 0
74 1
72 0
72 0
45 1
71 0
69 1
73 1
71 1
63 0
82 0
72 0
71 0
69 0
49 1
73 0
70 0
75 0
48 1
71 0
72 1
74 0
75 1
57 0
78 1
106 1
84 0
53 0
57 1
76 0
78 1
70 0
50 0
80 0
73 1
71 0
70 0
51 1
71 0
67 0
70 0
52 0
359 0
71 0
76 0
68 0
47 0
64 1
66 0
67 0
64 0
52 0
67 0
68 1
65 0
46 0
67 0
65 0
66 0
620 1
52 0
64 0
64 0
71 1
48 0
48 1
68 0
79 0
69 1
54 0
73 0
68 0
76 0
69 0
45 0
68 0
71 0
70 1
45 0
65 0
72 1
70 0
70 0
47 0
67 0
76 1
68 0
67 1
49 0
70 0
66 0
70 0
46 1
68 0
68 1
68 1
69 0
47 0
66 0
67 0
67 0
47 0
44 0
68 0
72 0
65 0
45 0
65 0
65 0
65 0
71 0
47 0
66 1
70 0
66 1
49 0
71 1
68 0
65 0
69 0
48 1
68 0
70 0
67 0
68 0
47 0
64 0
64 1
65 0
47 0
66 0
66 0
65 0
65 0
48 0
71 0
70 1
67 1
46 1
50 0
66 0
66 1
66 0
45 0
66 0
347 0
68 0
68 0
46 0
67 0
65 0
65 0
45 1
66 0
65 0
70 0
65 0
47 0
69 0
64 0
66 0
67 0
49 0
65 1
67 1
351 0
47 0
66 1
66 1
66 0
66 1
45 0
70 0
65 1
66 0
48 0
48 0
66 1
69 0
67 0
48 0
66 0
67 0
68 0
76 0
47 1
66 0
65 1
66 1
46 0
68 0
74 1
66 0
71 1
45 0
66 0
66 0
67 0
67 0
48 0
65 0
67 0
351 0
46 0
86 0
64 0
66 1
64 0
51 0
66 0
66 0
68 0
48 0
47 0
66 0
65 1
65 0
55 0
70 1
66 1
71 1
66 0
46 0
65 0
66 0
68 0
52 0
66 0
70 1
71 1
357 0
48 1
70 0
357 0
72 0
349 0
49 0
69 1
70 0
71 1
45 1
70 0
69 0
74 0
73 0
47 0
69 1
69 1
70 0
339 0
49 0
358 0
83 0
73 1
48 0
77 0
352 0
65 0
65 0
47 1
68 1
347 0
69 0
71 1
68 0
70 1
79 1
72 0
63 1
77 0
69 1
70 0
70 0
52 1
67 1
70 0
70 0
52 0
68 0
69 0
71 1
69 1
52 1
68 1
69 0
71 0
111 0
50 1
68 0
64 0
68 1
46 0
68 0
68 0
68 0
67 0
47 0
65 0
66 0
66 0
48 0
66 0
70 0
66 1
66 0
46 0
66 0
66 0
66 0
66 0
47 0
67 1
66 0
67 0
46 1
70 0
66 0
65 0
66 1
47 0
68 0
69 0
78 0
45 1
47 1
68 0
65 0
66 0
46 1
66 0
64 0
65 0
64 0
48 0
63 1
64 1
64 1
46 0
66 1
66 0
68 0
63 0
46 1
64 1
66 0
64 0
65 0
47 0
66 0
67 0
64 0
48 0
65 0
67 0
64 1
67 1
47 1
64 1
64 0
63 0
47 0
47 0
65 0
66 0
66 0
46 0
63 1
64 0
67 0
65 0
48 0
64 0
64 0
63 0
56 0
343 0
65 0
72 1
79 0
51 0
77 0
72 1
79 0
69 0
61 0
132 1
356 1
70 0
52 1
72 0
76 0
71 0
71 1
51 1
78 0
79 0
70 0
58 0
54 0
70 0
68 0
73 1
47 1
70 0
86 0
76 0
78 0
50 0
71 0
69 0
68 0
53 0
68 0
69 0
70 0
70 1
51 0
72 0
67 0
69 0
65 0
48 1
66 0
66 1
65 0
50 1
66 0
65 1
70 1
70 1
47 0
82 0
71 0
356 0
333 1
46 0
69 0
71 0
70 0
46 0
69 1
70 0
72 0
78 0
48 0
70 1
70 0
71 1
46 1
70 1
93 0
70 0
70 0
46 1
69 0
74 0
71 0
71 1
46 0
71 0
70 0
71 0
45 0
70 0
69 0
74 1
75 0
51 0
71 0
70 0
71 0
46 0
45 0
67 0
68 0
67 1
64 0
70 1
77 1
65 0
79 1
81 0
80 0
72 0
75 0
48 0
71 0
88 1
78 0
70 0
49 0
76 0
73 0
72 0
71 0
49 0
72 1
66 0
71 0
50 0
73 1
66 0
72 1
68 0
61 1
69 1
71 1
69 1
54 0
57 0
79 0
69 0
74 0
56 0
74 0
66 0
69 1
70 0
50 0
76 0
75 0
69 1
54 0
76 0
81 1
88 0
70 0
60 1
366 0
75 0
79 0
82 0
49 0
376 1
80 0
80 0
52 0
77 0
79 1
81 0
80 0
63 0
106 0
83 1
82 0
59 1
49 0
77 0
80 0
112 0
63 0
75 0
80 0
80 0
124 0
59 0
120 0
76 1
81 0
58 0
134 0
79 0
79 0
380 1
53 0
76 0
85 0
77 0
96 0
55 0
77 0
88 0
85 1
69 0
75 0
79 0
80 0
86 0
47 0
77 0
80 1
100 0
53 0
50 0
73 0
74 0
75 1
46 0
79 0
90 0
77 0
80 1
50 0
74 1
75 1
76 0
59 1
74 0
73 0
74 1
75 1
45 0
73 0
74 0
76 0
74 0
46 0
364 0
75 0
76 1
47 0
74 1
75 1
74 0
73 0
63 0
342 0
77 1
73 1
45 0
46 0
77 1
73 1
78 0
48 0
72 0
74 0
75 1
74 0
46 0
88 1
74 0
82 0
47 0
75 0
74 0
73 0
88 1
48 0
74 1
72 0
72 0
74 0
342 0
67 0
66 0
69 0
45 0
65 0
66 1
67 1
66 1
46 0
66 0
71 0
67 0
47 1
45 0
67 0
67 0
65 1
63 0
97 0
75 0
65 0
342 1
54 0
78 0
74 0
72 1
53 0
72 0
80 1
79 0
80 0
92 1
82 0
78 0
238 0
178 1
101 0
129 0
92 0
80 0
59 0
70 1
79 0
74 1
85 0
51 0
83 1
82 1
76 1
48 1
58 0
73 0
81 1
80 1
56 0
84 1
80 0
80 0
69 0
48 0
72 0
71 0
79 0
57 0
73 0
370 0
79 0
80 0
55 0
74 1
70 0
80 0
70 0
46 0
72 1
68 0
73 1
46 0
70 0
72 1
70 0
70 0
46 1
72 0
74 0
71 0
45 1
47 1
63 0
65 0
65 0
46 1
65 1
65 0
66 1
64 1
45 0
64 0
64 0
65 0
48 1
68 0
63 0
64 0
64 0
46 1
72 0
71 0
70 0
71 0
47 0
70 0
355 1
72 0
45 0
71 1
70 1
73 0
71 0
46 1
70 0
72 1
70 0
46 0
46 0
71 0
69 0
70 0
47 1
69 0
79 0
72 0
72 1
46 0
70 0
70 1
71 1
47 1
71 0
70 0
71 0
69 0
45 0
74 0
72 0
71 0
70 0
57 1
70 1
72 0
71 0
45 0
71 0
72 0
83 1
70 0
48 1
69 0
73 1
73 1
47 0
46 0
71 1
72 0
79 0
52 0
74 1
72 0
70 0
72 0
62 1
649 0
88 1
91 0
58 0
70 0
68 0
81 0
68 1
52 0
74 1
75 0
77 1
73 1
63 0
77 0
69 0
81 0
54 0
75 0
71 0
70 1
68 0
64 1
66 0
70 1
72 0
51 0
50 0
68 0
79 0
70 0
52 0
68 1
70 1
71 0
70 0
51 1
68 0
70 0
70 0
63 0
74 1
70 1
400 0
356 0
59 0
71 1
80 0
91 1
384 1
64 0
81 0
91 0
79 0
49 0
80 0
91 0
70 1
72 1
67 1
88 0
85 1
87 0
50 0
51 0
84 0
66 1
79 0
50 1
70 0
70 1
86 1
75 0
49 0
93 0
78 0
70 1
50 0
71 0
89 0
78 0
71 0
50 0
69 1
67 0
67 0
74 0
48 0
76 1
71 1
72 0
47 0
72 0
74 0
67 0
373 1
61 0
82 0
100 0
98 0
66 0
63 1
80 0
71 1
85 1
65 0
80 0
78 1
80 0
72 0
48 0
80 1
70 0
73 0
48 1
119 0
71 0
80 0
74 0
55 0
79 0
365 0
81 0
79 0
57 0
95 0
79 0
81 0
55 1
83 1
81 0
93 0
77 0
68 0
82 0
70 1
80 0
56 0
50 0
74 0
80 1
80 0
46 0
70 0
69 0
71 0
73 0
47 0
70 0
72 0
70 0
45 1
69 0
72 0
69 0
71 0
336 0
69 1
74 1
70 0
70 1
47 0
72 1
69 0
70 0
47 0
70 0
70 0
70 0
69 0
45 0
69 0
72 0
73 0
46 0
48 0
73 1
70 1
76 1
52 0
77 0
70 0
70 0
76 0
54 1
72 1
80 0
82 0
48 0
71 1
74 0
149 0
112 1
76 0
103 0
80 1
85 0
199 0
148 0
87 1
78 0
381 1
61 0
74 0
76 0
95 1
77 1
82 0
137 0
139 0
91 0
177 0
56 1
85 0
85 0
83 0
50 0
95 0
102 1
68 1
67 1
49 1
75 0
72 0
68 0
45 0
69 0
67 0
69 0
75 0
57 1
76 1
83 0
81 0
73 0
48 0
70 1
70 0
72 0
52 1
74 0
72 0
89 0
84 1
131 0
124 0
73 0
76 0
59 0
62 1
88 0
132 1
73 0
46 0
70 0
91 0
93 1
68 1
49 1
68 1
68 0
69 0
45 0
66 0
71 0
72 0
70 1
45 0
68 1
68 0
68 0
68 0
48 0
68 1
70 1
69 0
47 0
66 0
69 1
70 0
68 0
47 1
72 0
101 0
69 0
54 1
61 0
132 1
78 1
83 0
65 0
74 0
104 0
77 0
120 1
54 0
70 0
70 1
77 0
49 0
81 0
75 0
355 0
75 0
58 0
80 0
77 1
80 1
82 1
50 0
78 0
80 0
79 0
52 0
79 0
79 0
80 1
80 0
49 0
75 0
74 0
78 0
48 0
52 1
76 0
74 0
73 0
324 0
73 0
84 0
77 0
80 0
54 0
76 1
81 0
79 0
53 0
77 0
80 0
73 0
69 0
50 0
68 0
68 1
66 1
67 0
47 0
67 0
66 1
66 0
45 0
67 0
67 0
66 1
66 0
45 0
68 0
68 0
66 0
48 0
47 1
69 0
66 0
68 0
45 0
66 1
69 0
66 0
69 0
47 1
66 1
68 0
67 0
46 1
69 0
65 0
68 0
69 0
46 0
66 0
66 0
66 0
69 0
47 0
67 0
66 0
348 0
47 1
66 0
67 0
65 0
66 1
44 0
67 0
66 0
79 1
46 1
48 0
67 1
68 0
67 1
49 0
67 1
66 0
65 0
64 1
46 0
66 0
67 0
66 1
47 1
68 0
66 0
67 0
66 0
47 0
67 0
66 0
72 1
66 0
50 0
67 0
65 0
68 0
46 0
68 0
68 1
66 1
67 0
49 0
66 0
68 1
66 1
45 0
46 0
66 1
344 0
65 1
48 0
68 0
66 1
66 0
66 0
45 0
65 0
101 1
66 0
50 0
81 0
66 0
65 1
66 1
45 0
67 0
66 1
73 1
74 0
54 0
74 0
73 0
75 0
48 0
73 1
88 0
74 0
74 1
52 0
75 0
77 0
96 0
49 0
50 0
78 1
74 0
77 0
59 0
78 0
78 0
99 0
81 1
55 0
76 0
79 1
80 0
53 0
77 0
82 0
89 0
81 1
55 0
84 0
84 0
85 0
81 1
53 1
89 1
78 0
79 0
53 0
77 1
80 0
73 0
78 1
50 0
73 0
76 1
73 0
46 0
46 1
75 1
74 0
72 0
46 0
74 0
76 0
139 0
88 0
46 0
73 0
72 0
75 0
47 0
74 0
75 0
73 0
74 1
46 0
73 0
75 0
73 0
74 0
46 1
73 0
74 0
74 1
47 0
72 0
73 0
73 1
74 0
49 0
72 0
74 0
74 0
46 0
48 0
73 0
75 0
75 0
48 0
73 0
73 1
73 0
74 1
45 0
72 1
74 0
73 0
46 0
77 0
74 0
73 1
73 0
46 0
74 1
365 1
75 0
74 0
47 0
82 0
74 1
73 0
46 0
73 0
72 0
79 1
73 0
46 0
71 0
73 0
74 1
45 0
47 0
99 0
346 0
75 0
46 0
76 0
73 1
72 1
72 0
46 0
72 0
77 0
74 0
46 0
76 0
80 1
80 0
80 0
65 1
102 0
72 1
81 0
80 0
56 0
373 0
74 0
376 0
47 0
79 0
76 1
78 1
77 1
59 1
85 0
87 0
83 0
52 0
52 0
77 0
85 0
84 0
53 1
77 0
100 0
82 0
85 0
55 1
376 0
80 0
80 0
53 0
76 0
80 1
79 0
80 0
48 0
73 1
72 1
75 1
73 0
46 0
73 1
73 1
76 0
47 0
73 0
75 1
74 0
74 1
47 0
74 1
74 1
74 1
46 0
47 0
76 0
74 1
74 0
46 0
73 0
73 0
73 0
74 0
46 0
73 0
75 0
72 0
47 0
73 1
74 1
75 1
74 1
45 1
72 1
75 0
74 0
74 0
46 1
73 0
73 0
68 0
45 0
68 0
71 0
68 1
68 0
46 0
68 0
69 0
69 0
47 1
49 1
70 0
69 0
68 0
48 0
69 0
68 0
70 1
70 1
46 0
68 0
84 0
94 0
57 0
85 0
69 0
69 0
72 0
49 1
80 1
77 0
81 0
78 0
64 1
76 1
70 0
101 0
60 0
99 1
89 0
71 0
70 1
45 1
68 0
70 0
68 1
46 1
47 0
68 1
67 0
68 0
48 0
69 0
75 0
78 0
79 0
48 0
70 0
72 0
73 0
49 1
73 0
70 0
77 1
368 0
60 1
79 0
73 0
428 0
94 0
127 0
122 0
73 1
73 0
61 0
84 0
81 0
101 0
74 0
52 0
72 0
73 1
73 1
46 0
45 0
74 1
73 0
80 0
47 0
75 1
72 0
72 0
74 1
46 1
74 1
73 0
66 1
49 0
66 0
72 1
65 0
64 0
47 0
65 0
67 0
67 0
71 0
48 0
69 1
72 0
87 0
45 0
66 0
67 0
66 0
67 1
46 1
67 1
68 0
65 1
48 1
45 0
67 0
66 0
66 0
45 0
66 0
67 0
72 0
66 1
50 0
67 0
67 0
68 1
45 0
66 1
67 0
67 0
66 0
46 0
71 0
67 0
65 0
67 0
55 0
68 1
65 0
69 1
47 1
68 0
66 0
67 0
69 0
46 1
65 0
68 0
67 1
51 1
51 0
68 0
65 1
70 0
52 1
70 0
67 0
69 0
66 1
47 0
73 0
69 1
81 0
51 0
78 1
70 0
82 1
82 0
55 0
73 0
79 0
79 0
74 1
54 0
72 0
81 0
80 0
47 0
73 0
89 0
81 0
79 0
48 0
72 0
70 0
70 1
48 1
51 0
69 0
69 1
67 1
47 1
70 0
68 0
70 0
69 0
73 0
71 1
74 0
68 0
71 0
71 0
68 1
70 0
70 1
46 0
74 1
68 1
69 0
69 0
57 0
368 0
91 0
107 0
108 0
135 0
76 0
409 0
100 0
79 0
88 0
92 0
98 1
80 0
80 0
100 0
