81
45
64
45
64
56
66
44
65
45
45
66
49
61
46
69
45
69
44
71
44
67
45
70
47
70
46
69
45
47
72
46
69
45
69
46
70
47
69
45
68
44
343
46
68
45
70
45
45
69
43
70
324
157
170
80
74
70
46
68
44
69
50
74
45
50
50
51
73
46
74
46
76
44
70
49
70
50
70
44
65
46
65
45
45
66
45
64
45
67
44
63
45
66
45
66
44
65
47
67
46
64
45
46
65
47
68
45
64
44
64
45
64
45
64
45
64
48
65
46
65
45
46
65
44
64
44
64
45
65
46
64
45
65
44
67
66
89
68
352
663
86
116
95
119
59
74
56
74
45
74
46
74
46
73
46
76
44
50
74
45
74
46
74
45
72
44
69
46
72
46
68
47
69
44
71
44
44
69
45
68
44
70
45
69
46
87
47
68
47
78
46
69
45
70
44
45
72
46
71
45
71
44
74
44
72
44
88
82
113
66
72
45
44
45
50
76
53
77
53
77
53
78
52
77
52
77
53
77
53
77
45
44
71
45
73
45
71
44
72
44
73
44
72
46
72
43
73
46
73
45
45
72
46
73
44
72
45
73
46
73
46
71
46
348
46
73
44
73
45
43
342
45
73
44
72
44
72
44
71
44
71
47
70
45
72
46
44
44
46
71
47
87
45
72
44
72
44
72
45
72
46
72
51
72
45
46
71
44
73
44
71
44
74
43
72
44
72
44
74
46
347
44
73
44
45
70
45
70
45
69
45
70
44
68
47
68
46
68
350
69
44
349
47
45
68
45
70
45
68
60
71
45
70
44
71
44
70
45
68
47
44
44
44
72
45
68
43
69
48
68
44
69
46
68
46
70
45
68
47
44
70
45
64
46
63
44
62
44
62
46
62
46
62
46
63
46
61
45
45
61
46
62
44
63
45
62
44
63
43
73
45
62
46
64
317
64
44
44
64
43
64
45
61
45
62
44
64
49
62
45
62
46
63
45
45
313
44
64
46
62
45
63
44
62
45
66
45
62
46
64
44
63
47
44
63
45
63
47
64
45
62
46
63
44
64
45
61
45
71
47
63
44
44
61
44
66
46
63
46
62
45
65
83
95
321
62
45
70
45
70
44
46
69
47
75
55
75
45
75
45
74
46
73
45
74
45
74
46
50
50
53
68
45
67
44
66
44
65
47
68
50
67
44
66
46
67
44
46
67
45
71
45
66
63
69
60
68
45
71
46
67
44
66
45
67
45
71
107
321
69
44
68
330
72
48
72
49
71
48
72
48
72
49
73
46
51
72
47
72
44
67
44
66
45
68
45
67
44
69
48
66
56
45
46
44
67
45
65
44
69
54
66
45
67
44
66
44
67
46
67
43
45
69
45
68
48
66
44
66
44
66
67
67
47
68
45
66
44
67
45
48
67
45
68
47
66
45
66
45
68
45
67
46
67
44
66
43
74
45
45
66
67
119
371
101
85
362
47
72
49
70
49
72
47
73
48
50
49
49
72
47
73
44
65
44
66
43
69
45
67
45
67
46
69
45
44
76
48
65
45
66
45
72
44
72
45
73
44
74
44
72
44
73
44
45
73
45
71
44
71
45
72
62
71
46
73
44
74
44
73
44
74
45
44
72
49
73
45
71
45
71
45
74
44
72
45
71
44
73
45
46
45
45
110
89
114
51
73
45
70
46
71
46
73
45
71
50
77
53
50
77
52
77
53
77
53
78
52
353
44
74
45
72
45
71
45
72
45
320
71
46
73
44
71
45
89
43
71
328
71
46
73
45
91
99
350
46
44
71
44
75
45
72
46
77
332
77
55
75
53
77
53
77
53
49
44
47
63
47
62
45
63
44
62
46
63
45
62
46
62
45
63
44
44
61
44
62
44
62
44
62
315
63
45
143
44
67
46
68
44
69
45
44
68
44
67
44
68
87
105
79
120
228
281
184
151
45
93
88
761
46
46
78
52
78
54
76
93
79
60
119
65
84
64
78
50
79
53
48
50
63
76
53
83
56
76
55
77
54
76
53
77
53
79
50
136
53
80
88
54
84
52
81
52
85
53
93
53
81
53
79
51
76
53
70
50
53
75
52
79
60
68
108
167
89
99
89
90
89
370
51
68
51
369
64
49
67
55
74
53
74
49
76
60
72
61
66
57
75
50
70
51
48
55
58
78
53
67
51
77
53
77
51
78
53
80
49
77
53
78
51
53
79
47
77
53
85
56
85
54
76
51
77
54
77
53
71
54
111
354
50
72
45
71
44
72
46
76
53
76
54
88
52
85
53
77
53
77
53
50
77
52
81
43
81
46
71
44
75
48
73
45
72
45
71
45
46
44
44
75
49
72
46
99
48
341
44
71
45
71
45
72
46
72
48
44
71
46
71
45
71
46
73
78
84
44
72
46
71
106
652
43
73
48
54
77
53
77
53
78
52
77
52
68
52
68
52
76
54
67
49
63
44
46
78
51
335
43
63
45
62
47
63
44
62
44
62
45
63
48
44
47
45
61
45
63
44
64
45
64
45
62
45
62
44
63
46
63
47
49
66
47
62
45
61
44
63
44
61
45
63
44
62
45
63
45
62
50
49
76
45
63
43
64
44
62
80
64
44
64
44
66
45
68
49
65
321
44
66
45
61
45
62
71
367
63
345
45
71
48
77
53
77
53
49
51
50
77
53
77
52
77
53
78
52
71
45
73
44
71
44
71
45
47
73
44
77
44
73
43
72
46
72
50
72
52
375
54
74
45
71
44
43
74
45
91
80
110
82
358
45
74
44
72
47
78
66
75
52
77
53
51
76
53
78
53
76
51
78
45
70
45
71
45
71
46
66
45
43
44
44
65
46
66
45
64
45
64
46
64
309
67
43
66
45
65
45
47
64
44
65
46
64
45
66
46
64
45
64
45
65
45
66
45
65
44
45
64
48
82
43
69
44
71
45
69
45
72
45
68
45
68
44
68
45
44
68
45
135
329
65
44
63
45
64
46
63
44
64
54
68
52
50
50
50
68
52
67
51
70
51
68
52
69
50
69
44
63
45
63
46
44
64
44
63
49
64
43
62
46
64
45
69
44
62
44
62
44
65
52
45
64
44
62
44
62
44
66
44
65
44
66
45
81
48
67
49
68
47
44
65
43
65
48
66
63
64
46
64
46
64
48
71
49
70
50
50
50
50
70
50
70
51
69
49
70
49
71
70
117
98
124
342
66
45
44
66
47
69
51
70
49
68
52
69
51
68
52
68
52
67
53
68
52
43
64
46
66
44
60
47
65
53
75
45
89
54
76
44
63
45
63
46
45
64
77
63
46
61
44
63
45
64
45
65
44
63
45
63
45
61
89
90
111
90
71
83
108
352
84
45
68
81
78
56
64
52
85
55
49
68
52
68
44
65
44
62
47
61
44
63
46
63
45
62
45
63
45
44
64
47
64
44
334
49
64
44
66
46
66
46
64
44
65
45
65
43
46
66
44
66
44
68
45
66
45
64
44
64
44
84
45
72
48
44
64
46
73
84
86
49
75
48
345
45
96
94
644
46
73
73
76
53
50
78
52
77
58
84
50
77
53
78
51
78
54
70
44
70
44
72
46
47
70
45
73
44
72
46
75
46
73
46
73
45
74
46
71
48
73
48
45
70
45
74
47
72
43
74
43
73
43
72
46
74
45
72
44
46
44
45
70
44
70
49
70
44
70
46
74
46
70
46
72
49
70
45
44
68
45
69
45
69
44
67
43
68
69
639
45
69
43
78
46
73
47
52
72
57
74
55
74
56
73
47
73
45
74
46
69
44
78
44
68
46
45
69
44
71
44
69
45
69
45
69
44
69
48
106
46
71
46
48
46
45
70
44
70
46
70
46
67
46
69
102
133
101
124
94
100
86
72
386
57
83
52
83
54
80
45
77
52
77
53
76
53
75
54
78
52
50
77
52
77
53
77
53
78
51
77
44
73
44
90
50
345
45
72
46
45
73
44
71
44
72
46
71
47
71
44
72
44
70
47
71
44
45
45
44
72
46
73
50
77
50
75
48
73
45
71
47
71
45
72
45
44
75
45
78
63
88
69
353
44
72
45
71
47
72
50
67
52
81
90
89
71
53
65
51
70
50
68
52
68
44
63
91
71
44
64
47
69
46
45
64
45
65
44
65
47
65
44
67
71
71
47
73
61
337
48
44
45
47
65
44
66
44
64
46
70
45
66
44
67
70
66
57
64
43
45
65
46
64
61
144
47
74
46
66
50
68
44
64
44
63
46
67
53
63
89
67
93
71
356
49
69
49
70
50
69
72
78
51
79
52
77
49
50
70
51
68
51
70
50
68
43
149
44
70
42
70
45
69
44
44
45
43
69
45
68
44
69
45
87
45
69
51
68
46
69
43
74
44
45
70
46
69
44
72
74
90
47
77
317
68
46
69
45
67
44
93
53
57
85
48
81
55
76
54
73
47
73
46
74
45
67
46
69
44
70
48
48
75
45
71
44
341
45
70
52
135
74
66
45
74
44
68
330
47
43
45
66
47
65
44
64
46
64
45
65
45
63
317
64
45
76
45
310
63
43
63
45
62
47
60
43
62
85
98
56
82
57
79
62
86
101
78
363
82
76
54
79
54
75
51
69
51
68
51
67
44
65
47
63
46
44
64
45
63
46
61
44
62
44
63
43
62
44
64
46
64
73
54
307
164
69
49
134
56
208
112
162
53
62
344
67
87
123
84
92
86
344
63
44
65
49
68
53
67
52
69
51
68
51
68
53
67
52
68
51
49
68
44
63
66
64
50
65
49
64
45
62
45
65
45
65
45
63
47
44
62
44
62
45
67
43
67
44
67
43
68
43
66
46
65
45
46
45
44
89
55
68
46
69
47
340
45
359
331
88
62
67
44
68
43
47
65
45
71
57
72
47
76
57
70
47
75
55
74
56
73
48
73
57
61
80
48
72
49
72
49
71
47
73
326
72
45
67
69
71
51
68
48
46
66
44
67
44
95
44
78
44
67
48
347
43
67
44
66
44
44
44
46
65
45
64
51
66
55
63
46
67
44
64
45
336
45
69
43
65
634
43
63
45
344
51
80
60
70
49
70
50
644
52
67
47
67
69
45
66
44
67
47
66
46
68
46
66
45
67
45
75
45
69
44
68
47
45
66
44
67
46
70
45
68
45
67
45
67
44
67
46
66
44
45
45
50
69
44
67
44
67
45
66
44
69
45
67
45
69
45
70
45
44
67
45
67
45
69
43
75
82
365
108
128
339
77
53
77
55
75
53
49
77
53
78
52
77
52
76
45
71
47
73
47
77
46
73
48
73
43
44
72
43
73
44
73
48
72
43
74
46
72
44
72
45
72
44
45
46
44
70
45
73
45
110
52
85
84
96
67
75
45
72
45
72
43
45
72
54
74
46
75
46
74
46
74
55
74
46
74
49
72
45
74
47
46
70
47
70
45
343
44
71
321
68
44
68
48
72
115
68
46
69
52
46
70
45
68
45
70
45
67
44
85
45
92
51
67
46
73
46
45
44
44
70
46
68
47
69
44
73
45
68
45
69
44
68
44
70
44
45
69
44
69
44
104
345
75
46
69
47
70
45
71
45
70
43
75
56
60
73
66
73
46
85
61
77
46
85
54
75
56
86
53
75
45
73
47
48
73
46
75
45
74
46
74
45
70
45
347
70
78
45
73
44
45
44
48
69
323
68
45
68
45
68
44
68
48
342
46
68
45
69
44
318
69
45
71
46
68
44
90
344
84
43
68
48
69
44
69
44
69
62
51
74
46
73
47
74
45
83
46
355
46
70
44
70
45
70
43
71
51
59
71
45
71
46
72
46
72
44
72
49
71
45
78
46
73
44
46
44
46
71
46
72
46
71
44
72
66
98
75
99
72
101
44
78
69
336
77
53
76
53
85
46
73
45
74
47
72
56
74
331
71
318
70
45
43
70
45
68
46
68
56
69
46
68
45
70
43
67
45
73
44
69
45
45
69
44
68
44
68
319
69
46
68
46
71
45
345
45
69
45
47
45
45
69
46
78
44
71
48
81
48
72
49
73
47
72
44
73
44
45
73
45
72
48
71
46
72
44
73
44
71
43
74
44
70
44
72
47
47
73
45
74
46
72
44
71
46
347
46
73
45
70
45
72
45
71
46
45
73
45
75
44
68
44
70
45
173
45
78
44
69
46
69
45
45
45
50
71
45
69
45
72
44
70
45
70
46
70
45
70
45
68
44
45
69
46
72
46
68
45
71
45
68
47
69
46
69
44
76
44
71
45
47
68
45
68
44
68
44
70
45
69
74
80
45
76
46
70
45
68
44
49
73
47
68
74
77
45
68
45
69
44
75
44
68
46
70
48
322
45
44
71
321
69
46
72
46
70
48
70
46
644
51
73
44
70
52
49
71
74
70
45
70
46
70
46
75
47
71
48
71
45
69
46
69
44
46
68
47
74
44
71
45
70
45
69
48
68
45
68
45
68
45
68
45
46
67
46
68
46
75
47
72
46
68
47
70
49
69
45
68
45
43
44
46
68
43
69
46
69
45
338
45
71
45
67
43
69
46
71
46
46
66
44
69
46
66
45
65
44
69
44
66
45
68
46
67
43
67
46
66
67
46
66
44
65
51
68
44
65
44
70
44
66
44
67
44
67
46
45
71
46
66
45
67
45
69
44
66
44
67
46
65
45
70
45
47
45
44
69
47
65
43
68
45
66
45
64
45
64
45
65
44
63
45
621
64
44
66
44
66
45
64
45
64
45
64
44
64
45
64
45
67
45
45
74
45
66
45
336
49
67
46
69
46
70
45
66
45
69
45
67
46
45
66
46
67
44
65
46
68
44
64
44
65
45
336
50
64
45
44
44
45
67
45
64
44
64
45
71
88
92
70
81
50
71
59
94
47
51
71
57
73
52
187
350
71
50
87
50
71
53
76
60
70
64
79
637
90
79
51
73
47
69
54
75
51
70
59
70
51
70
50
69
50
72
58
67
70
61
68
54
66
51
68
51
69
53
68
53
74
63
343
46
46
57
67
70
44
63
46
71
49
63
53
75
47
66
44
62
46
63
46
46
63
44
63
46
67
45
334
45
63
45
63
45
63
45
62
44
64
46
45
64
45
65
47
64
45
67
47
63
45
62
46
62
45
63
45
63
45
44
64
45
64
45
62
44
63
46
70
45
68
45
66
45
69
45
45
47
43
70
44
68
46
66
45
67
44
66
45
66
45
66
46
68
46
49
66
44
66
44
66
45
70
44
67
45
64
45
64
48
65
45
69
45
44
64
44
65
47
64
46
65
44
65
46
67
44
87
44
68
45
73
45
46
65
44
65
45
64
43
65
42
83
46
67
44
85
323
72
43
45
67
48
65
53
64
47
72
44
73
53
71
45
65
57
74
45
66
44
45
64
44
65
44
72
46
67
44
65
44
66
47
65
52
69
48
66
47
45
70
46
72
44
63
48
63
46
66
45
68
46
71
45
67
45
72
44
62
65
56
65
44
65
44
65
45
64
45
63
76
67
52
354
316
45
47
44
65
50
343
54
77
51
68
50
71
51
68
55
76
49
81
49
49
78
52
79
51
68
52
77
56
82
57
82
51
75
59
71
51
66
52
52
66
52
76
76
64
51
70
52
66
64
79
52
79
58
69
52
79
53
46
92
52
87
60
75
66
69
65
102
51
77
52
67
53
70
50
50
53
47
68
52
341
46
63
44
63
46
64
47
62
44
337
46
65
46
45
64
45
63
45
63
46
64
45
63
49
66
45
62
45
63
45
66
47
45
332
45
63
44
64
44
70
45
62
49
67
45
68
47
65
47
67
45
48
62
54
62
47
65
45
63
46
64
48
72
46
357
43
62
44
44
47
45
64
43
63
43
66
46
63
48
64
48
64
52
63
63
72
50
48
73
49
72
44
73
44
74
45
75
50
74
79
