79
44
63
46
65
45
64
46
65
46
46
333
317
65
51
65
48
68
44
65
48
68
46
65
51
65
47
69
46
44
65
44
66
44
65
45
66
47
65
49
66
45
65
44
65
46
68
49
46
65
45
63
45
62
45
64
46
63
47
61
45
63
45
62
44
44
46
45
62
45
63
47
61
317
63
45
65
43
62
45
63
44
66
45
315
63
46
63
45
63
45
62
45
61
45
62
45
63
44
63
47
68
44
43
63
46
62
46
63
44
61
45
63
43
63
45
63
56
63
47
2448
63
343
77
325
70
340
83
56
73
51
93
51
70
47
394
54
79
45
66
48
50
69
58
76
55
81
56
72
48
70
340
352
50
77
336
72
51
332
73
50
69
46
77
46
70
56
69
55
85
50
76
53
74
45
93
44
44
72
45
72
43
74
43
71
44
71
44
73
44
71
322
65
44
64
45
42
67
46
63
46
63
45
68
45
66
46
65
46
64
45
64
45
43
45
44
66
42
65
44
65
45
64
45
66
43
67
43
66
44
64
46
42
64
46
65
45
64
46
64
45
66
47
64
44
65
44
64
44
64
43
46
65
48
67
45
66
44
65
45
64
46
64
49
67
43
66
44
65
45
46
64
45
65
48
63
46
70
1220
65
45
68
56
63
44
66
45
44
45
46
63
45
64
45
65
45
63
46
69
45
64
45
67
44
64
44
44
66
44
334
44
64
48
64
46
62
44
65
44
66
44
66
48
65
46
1217
68
332
73
60
74
52
70
62
74
51
77
46
68
48
70
45
69
46
47
69
46
71
46
63
44
64
46
63
44
64
45
83
46
63
45
45
44
44
63
45
65
45
65
44
61
45
64
45
63
50
76
45
64
338
45
63
319
67
43
67
46
67
44
65
44
67
46
67
43
67
45
66
43
45
68
44
67
45
65
44
67
47
66
46
73
43
68
46
67
44
67
43
44
68
45
66
43
67
44
66
44
68
44
68
44
66
44
66
44
45
45
310
67
46
67
46
66
44
65
45
68
47
68
44
66
44
66
57
62
67
45
68
46
71
44
67
44
67
42
68
46
68
45
67
44
70
44
46
65
44
67
45
66
44
68
46
67
46
70
44
67
44
67
44
66
45
43
68
46
66
46
65
44
67
43
66
45
67
45
66
45
72
44
43
48
44
66
45
66
45
66
45
67
44
67
45
68
43
66
45
66
45
45
66
45
67
46
67
45
69
46
66
44
67
46
68
42
69
44
69
45
43
68
45
70
44
69
45
69
44
71
43
69
46
69
45
68
47
69
45
46
68
45
70
46
66
45
90
44
71
43
68
45
68
45
70
45
44
45
46
69
44
67
45
71
43
68
46
68
45
68
45
68
47
69
43
47
68
46
69
44
69
45
68
46
70
44
71
44
69
43
71
45
69
43
44
72
47
71
45
69
45
68
320
67
46
66
48
67
43
67
43
66
45
318
66
44
66
45
68
44
68
44
68
45
342
46
339
44
67
44
43
43
73
67
46
338
46
67
44
336
44
66
44
66
45
65
44
66
45
45
66
45
67
43
67
45
67
43
66
46
66
44
66
44
67
44
67
43
55
66
51
70
47
67
55
67
321
346
623
1246
50
70
48
71
44
64
47
44
63
49
66
44
65
48
61
45
62
44
64
44
64
49
63
45
44
44
320
64
47
62
45
63
45
61
43
62
44
63
46
63
45
63
43
44
64
45
62
44
62
45
67
45
62
46
63
45
62
43
63
43
62
44
43
65
46
72
45
71
48
70
43
72
43
74
45
70
44
70
43
70
43
44
71
46
71
46
72
47
63
43
64
43
66
44
66
43
66
44
45
44
45
63
45
65
46
65
44
66
315
63
45
65
44
64
44
65
44
44
64
44
66
60
64
44
65
45
65
43
64
44
66
43
65
44
63
44
45
63
44
68
46
65
44
69
44
67
45
65
46
66
44
79
46
66
45
44
66
45
65
43
66
46
65
43
67
45
66
44
68
48
329
48
44
44
313
68
47
67
44
68
46
67
45
68
45
68
45
70
45
68
43
45
74
45
71
44
69
45
68
46
72
44
68
43
71
45
72
44
70
45
43
70
45
68
44
71
45
67
45
71
45
72
46
72
47
71
43
71
44
46
72
45
74
44
70
43
70
44
70
45
71
321
73
44
72
46
320
44
44
342
45
72
44
343
316
75
43
77
326
81
52
357
45
74
45
47
77
52
72
45
71
46
71
329
70
53
71
47
74
45
71
46
70
44
44
71
45
72
44
73
44
77
44
94
44
61
44
63
45
63
46
63
45
46
61
45
62
44
62
46
62
44
62
44
63
46
62
43
64
44
45
50
47
62
45
63
45
63
44
62
44
65
44
63
46
64
44
64
43
43
62
44
64
46
63
44
62
44
65
46
65
315
62
43
62
45
65
44
44
64
44
62
43
63
45
63
46
62
45
64
46
62
45
62
315
61
44
45
64
46
61
46
63
44
64
43
61
44
61
44
62
44
62
44
45
47
310
61
44
62
45
63
44
64
44
65
44
63
45
65
45
64
45
46
62
45
64
45
62
52
62
318
62
44
65
44
63
43
62
44
62
44
45
64
313
62
46
66
46
66
325
68
44
68
43
66
43
66
45
67
43
44
65
45
67
44
68
47
68
48
65
43
66
44
68
45
66
44
44
45
44
68
46
67
45
335
620
76
49
68
49
80
52
71
126
68
66
51
67
54
65
48
362
336
72
44
348
48
651
48
68
46
80
45
80
44
321
65
47
69
45
67
44
67
46
69
44
66
45
70
43
67
45
66
43
43
66
45
66
47
65
45
67
45
65
44
68
44
66
44
66
45
43
44
44
65
45
67
44
68
44
68
45
66
54
68
46
65
44
69
45
48
70
43
66
51
66
46
66
43
69
45
67
43
339
45
68
44
67
44
44
68
44
68
45
66
45
66
44
66
46
337
44
68
55
67
45
65
44
44
62
46
61
47
62
44
61
46
62
45
62
45
63
44
63
44
46
44
46
325
49
64
44
63
44
63
308
325
46
65
46
61
45
65
44
310
63
44
64
43
66
46
65
44
67
45
64
82
71
43
65
45
65
43
46
63
44
63
45
64
44
65
46
64
43
66
43
66
43
68
46
64
43
46
64
44
65
45
66
45
64
44
65
316
63
43
65
44
63
44
44
54
44
65
45
64
315
67
46
65
44
65
45
61
44
64
61
62
44
44
60
45
62
46
62
46
63
43
332
46
63
43
62
44
62
44
63
46
45
65
47
62
44
62
47
63
47
62
45
62
44
61
46
63
47
63
46
45
63
45
64
45
62
44
64
47
64
44
64
46
62
44
63
45
45
45
43
62
44
330
45
63
44
63
44
62
45
66
43
62
46
64
44
45
64
46
63
44
62
44
63
45
64
45
63
43
65
45
65
46
64
44
44
64
47
62
44
63
44
61
45
62
44
65
45
62
44
72
47
73
43
45
70
44
72
45
71
43
71
46
344
45
71
46
70
43
72
43
44
42
44
71
44
71
45
71
44
72
345
68
43
69
45
66
44
64
44
47
64
46
65
47
65
45
67
46
335
45
74
44
74
44
71
46
71
49
44
73
45
72
44
74
47
72
44
69
44
72
320
71
44
73
45
72
45
47
72
45
71
45
72
43
71
46
82
44
72
43
73
44
74
44
46
47
44
72
44
68
44
69
45
69
46
69
45
67
43
68
59
69
43
43
68
47
70
48
68
45
68
45
70
43
70
45
68
43
67
46
68
46
46
69
48
68
44
68
46
70
44
68
46
67
62
70
45
68
45
69
45
44
143
76
365
57
68
45
74
52
86
54
69
55
76
48
69
46
44
45
44
69
45
72
87
79
46
68
334
71
328
357
328
82
49
84
51
65
87
66
68
46
68
45
69
44
66
44
71
44
69
46
67
54
73
46
44
68
52
66
44
146
45
355
68
73
47
70
57
87
47
70
53
100
47
44
370
43
70
130
443
354
184
50
182
65
252
116
99
87
123
712
118
46
44
61
44
63
43
65
340
61
89
68
45
64
62
62
44
64
45
44
61
47
63
44
63
47
61
46
64
44
117
45
84
63
77
68
88
47
44
67
46
67
47
68
46
68
45
68
44
69
49
70
45
67
45
69
44
44
66
44
71
46
72
45
65
43
67
44
66
44
70
43
67
44
43
44
44
67
46
67
46
68
45
69
44
66
43
335
45
66
46
336
44
45
66
44
66
45
65
45
66
43
68
45
67
45
65
44
68
44
65
44
46
66
44
66
44
66
48
70
42
66
45
160
60
75
45
66
50
65
44
44
65
321
67
44
65
46
66
46
68
43
67
43
66
43
66
46
44
46
43
65
44
66
44
68
45
68
44
69
44
67
45
67
45
67
43
43
69
44
68
43
69
44
68
44
68
45
68
45
68
43
74
45
70
44
44
68
43
67
44
71
48
71
43
68
46
68
44
69
45
69
46
70
45
43
68
45
68
47
67
46
69
44
70
44
69
45
69
44
70
43
45
44
45
67
43
67
47
336
44
71
45
70
50
69
49
71
50
74
43
44
70
44
68
47
69
44
69
44
70
43
70
44
68
42
68
46
340
43
44
70
46
70
316
67
43
69
45
70
44
66
50
69
44
71
45
71
45
44
69
46
97
69
74
73
74
42
75
45
68
44
70
43
345
45
45
44
46
67
44
69
98
66
324
69
49
81
328
79
47
352
44
69
57
50
69
52
70
49
71
49
70
44
68
46
68
43
74
44
654
42
62
43
44
65
44
64
46
61
45
63
44
65
45
60
44
62
43
63
42
334
49
54
329
44
61
45
63
47
62
47
328
318
74
319
75
53
353
53
48
49
56
68
58
75
44
63
440
79
95
68
49
63
48
83
148
136
44
346
180
129
76
47
66
43
359
89
67
341
78
44
114
43
66
43
68
44
46
68
45
71
45
70
46
67
44
65
45
66
46
70
46
67
45
66
44
44
65
46
66
47
69
46
66
45
61
43
61
44
63
44
63
45
46
45
44
67
49
68
48
62
46
62
45
65
44
61
43
65
43
70
53
44
74
57
66
45
64
45
63
43
62
45
62
44
64
44
64
44
64
45
43
61
309
61
44
62
45
62
46
63
43
64
43
61
43
62
45
66
44
44
61
44
63
45
61
46
63
44
62
45
62
45
63
45
64
44
46
44
46
63
47
65
44
62
44
61
45
66
43
61
44
66
43
66
45
46
67
46
66
43
67
44
67
43
65
46
66
46
69
54
69
47
70
44
45
68
47
65
44
65
44
68
43
66
44
69
46
68
43
68
48
82
46
48
72
55
75
45
68
50
65
45
67
45
66
43
66
46
66
43
45
49
44
65
45
67
44
67
43
66
46
69
43
65
43
68
44
67
44
45
68
44
70
44
68
45
67
44
65
45
65
44
65
44
66
45
65
43
44
67
45
66
43
66
47
68
43
67
45
66
46
65
44
69
44
65
43
44
67
45
65
45
69
45
69
45
65
44
67
43
66
47
67
47
45
44
43
69
45
67
50
66
44
66
45
69
45
68
44
344
316
339
45
313
337
313
336
50
630
48
61
315
63
625
77
48
62
45
65
50
64
48
45
63
44
63
44
338
46
62
45
62
50
62
44
62
51
71
45
64
46
44
62
43
62
47
62
46
62
43
64
47
62
44
63
46
61
45
46
44
46
60
48
63
44
63
43
61
57
60
47
62
46
61
45
64
45
44
69
46
67
44
66
45
65
44
65
45
66
45
68
44
66
44
67
45
43
66
44
65
44
69
43
66
43
68
44
70
44
70
44
68
44
70
45
43
69
43
66
43
69
44
66
44
67
44
68
44
68
44
71
43
46
44
45
68
44
69
43
69
44
68
43
70
44
70
44
71
43
69
45
44
69
44
70
44
69
46
69
44
69
46
69
43
68
43
81
321
62
44
44
62
43
333
42
62
43
332
44
63
44
62
45
62
43
63
44
64
43
44
61
45
61
45
65
45
63
43
63
44
63
45
64
46
63
42
45
45
45
62
45
61
44
61
46
61
43
63
44
64
45
64
43
62
43
46
62
43
60
44
64
47
64
44
63
44
63
48
68
44
63
43
332
42
45
61
46
63
45
63
45
61
45
61
45
67
58
63
45
64
43
70
47
43
67
45
69
46
70
45
70
45
67
44
68
46
68
43
72
42
48
44
45
70
44
71
44
75
45
72
43
73
44
71
45
71
44
75
61
44
71
47
70
47
72
45
73
45
74
46
74
45
71
44
73
72
78
54
52
92
78
97
47
79
55
75
52
77
56
74
54
77
52
77
44
80
52
47
77
49
77
64
72
45
72
44
71
44
72
45
73
46
350
46
45
45
45
71
47
71
44
71
46
71
43
71
52
64
47
67
44
66
44
45
64
43
64
42
64
48
65
46
64
45
64
44
64
47
64
44
65
45
46
71
45
66
45
63
46
65
45
66
44
67
45
65
45
65
46
65
44
44
65
44
65
44
64
45
64
45
64
45
66
44
69
45
64
44
44
44
47
65
45
66
44
64
43
66
45
65
45
64
43
64
45
67
45
45
65
46
64
45
64
48
63
45
68
44
72
46
72
43
72
44
72
324
46
72
43
71
46
72
45
70
43
72
44
72
44
73
45
73
44
73
47
44
70
44
71
44
72
45
70
45
71
44
72
46
71
45
71
43
319
43
45
71
44
70
44
75
44
71
43
70
44
73
45
71
44
74
43
51
342
42
72
48
73
46
91
46
348
46
71
46
80
42
66
48
98
45
49
347
48
69
43
350
47
79
45
66
47
66
69
86
57
69
43
65
50
47
73
79
125
45
366
47
66
56
74
56
72
44
74
44
71
325
327
46
44
65
322
67
45
68
47
66
43
78
43
65
45
68
44
66
59
47
68
44
68
44
62
46
63
45
63
42
63
46
119
46
95
61
72
75
52
100
81
99
44
62
44
62
44
63
44
70
43
92
46
73
42
74
45
44
70
48
72
44
84
43
71
44
72
45
71
44
71
44
72
43
48
42
49
72
46
72
45
71
46
71
45
71
310
61
44
65
44
61
44
46
62
43
64
45
61
45
61
44
64
44
64
44
63
46
62
43
62
44
44
65
44
62
43
63
47
64
45
62
43
63
46
64
44
64
43
64
47
49
64
47
64
44
63
45
63
44
61
45
62
46
76
44
64
46
43
45
44
63
313
61
46
62
44
68
43
66
43
65
43
64
43
65
44
45
65
44
66
48
66
44
66
44
68
50
68
47
68
43
67
44
66
45
45
64
46
66
44
67
44
68
46
72
45
340
47
66
44
70
45
67
46
44
66
44
66
45
66
44
65
50
67
44
67
44
66
44
67
44
44
43
45
66
46
65
43
67
44
68
43
66
46
68
46
68
321
66
46
46
65
43
62
46
62
46
63
44
62
44
63
44
62
44
64
44
65
44
43
67
69
75
319
65
49
62
321
65
44
64
48
68
48
64
45
61
457
102
101
106
77
53
63
44
80
401
92
171
102
251
556
455
259
265
245
64
49
156
88
80
52
64
45
61
138
432
100
93
48
68
46
63
43
59
354
45
65
80
87
52
70
44
65
64
62
46
64
47
63
46
63
47
48
64
45
73
44
62
47
63
48
63
46
65
46
66
48
64
45
63
47
44
66
44
63
47
63
46
61
46
65
316
62
45
63
44
337
45
