360
323
322
322
326
325
328
326
323
323
323
322
383
390
393
391
392
390
392
392
394
392
682
391
393
392
392
390
377
321
322
324
325
323
327
324
323
323
322
319
321
326
320
324
326
320
321
325
323
323
610
324
324
322
325
404
463
456
396
319
319
318
319
324
321
322
322
322
325
376
322
334
355
659
356
355
355
358
357
364
626
354
354
357
361
358
356
356
354
359
356
355
355
357
355
380
457
457
458
458
464
457
459
460
432
424
423
429
424
431
426
422
406
390
701
387
390
392
389
683
390
388
390
398
391
388
390
387
391
371
320
319
321
320
326
324
321
320
620
326
319
321
323
323
319
323
320
320
325
424
430
423
424
424
422
423
424
423
427
422
380
360
351
356
355
369
355
359
355
357
357
355
358
359
358
359
357
357
368
426
715
434
423
423
426
424
375
357
369
358
386
387
386
388
387
389
408
392
389
393
389
389
392
387
390
388
387
344
319
318
325
612
336
320
324
319
318
319
319
322
318
331
353
357
352
391
459
459
460
457
456
457
458
460
459
460
462
465
436
423
424
424
423
428
426
425
426
426
423
423
425
424
425
425
426
422
425
423
425
425
428
427
442
459
461
460
457
460
458
427
321
322
322
324
319
323
323
323
323
323
321
322
322
320
323
322
647
357
354
357
353
355
358
355
355
358
354
359
356
684
388
392
390
389
392
390
394
407
395
388
387
393
390
391
389
390
682
389
423
390
391
390
389
389
390
387
355
354
355
356
357
441
355
353
361
458
458
507
510
484
471
461
471
464
478
458
459
458
459
459
462
457
457
461
458
731
458
459
429
393
408
391
389
388
389
397
392
392
389
391
392
390
393
427
422
425
426
424
426
423
424
424
424
428
373
355
355
360
357
353
357
358
357
360
357
358
358
362
426
427
429
324
320
322
323
324
426
423
423
387
320
319
325
322
321
321
321
322
323
325
324
321
321
323
321
322
323
323
324
321
321
323
323
611
324
324
322
324
322
321
323
325
323
321
441
460
460
461
458
336
616
319
613
321
611
321
324
320
322
379
392
391
394
389
390
432
389
409
390
405
460
460
372
358
357
356
358
357
354
354
356
356
356
357
358
356
354
354
357
353
358
359
353
356
425
427
425
426
426
424
426
426
422
426
425
428
394
389
393
389
389
394
390
393
390
390
393
389
390
414
428
424
422
417
323
324
324
323
326
322
614
325
363
457
462
460
459
462
458
458
458
464
458
462
456
459
458
459
461
461
749
459
461
407
390
389
387
320
325
324
614
323
325
327
319
321
321
324
324
326
322
323
324
323
322
324
324
320
324
329
361
358
358
356
358
357
648
361
358
360
355
359
357
360
354
322
322
323
323
618
326
386
717
720
424
426
426
424
426
426
426
428
422
437
461
462
