81
64
69
49
66
68
65
67
46
76
67
103
60
80
76
74
75
46
74
77
84
76
48
75
81
80
53
77
80
77
139
54
76
79
80
56
49
70
72
70
46
70
71
70
73
45
71
69
71
48
70
69
72
73
53
69
86
71
71
46
72
72
72
45
69
71
71
78
46
78
69
70
46
46
69
71
73
316
70
68
71
81
47
71
71
70
55
83
72
71
70
48
70
82
70
78
47
73
72
69
48
72
67
73
67
51
71
69
71
51
50
67
83
68
45
66
67
69
67
47
67
71
67
49
67
68
67
69
47
68
73
70
68
50
70
67
69
47
70
74
69
66
46
69
68
69
47
48
79
67
81
44
96
77
67
74
45
73
93
75
46
74
74
74
86
46
74
73
76
100
66
76
101
101
89
116
231
78
72
46
73
74
74
47
47
80
75
74
45
75
73
74
77
46
74
83
73
91
63
66
67
67
48
64
78
67
64
45
65
65
64
47
65
63
62
69
46
65
72
76
98
92
90
65
107
55
67
102
139
70
51
69
71
83
46
90
80
69
70
52
67
90
77
73
53
78
70
100
106
83
71
70
69
85
66
80
91
63
347
68
70
70
64
75
75
86
70
80
79
71
83
80
69
79
90
79
73
190
79
115
103
71
98
79
70
74
95
81
73
67
53
67
70
71
50
49
69
70
70
52
67
70
69
71
51
68
69
71
61
87
81
63
64
48
62
71
80
68
47
64
70
65
48
64
65
66
65
46
71
79
64
46
44
