79 0
65 0
67 0
48 0
62 0
64 0
64 0
65 0
46 0
66 1
50 1
63 0
69 0
67 0
68 0
45 0
67 0
65 0
67 0
68 0
67 2
66 0
46 0
66 1
67 0
67 0
45 0
68 0
347 0
67 0
45 0
47 0
67 1
68 0
43 0
69 0
68 0
67 1
45 0
67 0
67 0
66 0
46 0
65 0
67 0
67 1
48 0
67 0
68 0
66 0
67 0
45 0
71 0
68 1
348 1
67 0
66 0
350 0
44 0
68 0
67 0
45 1
44 0
68 0
68 0
67 0
48 0
67 0
67 0
68 0
69 0
46 0
78 1
67 0
45 0
68 0
68 0
65 0
69 0
46 0
67 0
64 0
66 0
67 0
44 0
64 1
64 0
45 0
347 0
65 0
66 0
65 0
46 0
64 1
64 0
46 0
45 0
68 0
66 0
66 0
47 0
64 0
65 0
64 0
66 0
64 2
65 0
46 0
68 0
66 1
63 0
45 0
342 0
63 0
68 0
65 0
45 0
65 0
67 0
68 2
68 0
67 0
68 0
67 1
66 0
46 1
44 0
67 0
69 0
66 0
46 0
71 0
66 0
66 0
67 0
45 0
68 2
44 0
67 0
67 0
67 0
68 4
71 0
68 1
70 0
44 1
70 0
68 0
68 0
69 0
44 0
69 0
68 0
68 0
48 0
45 0
69 0
69 0
68 0
45 0
69 0
69 0
68 0
68 0
45 0
69 0
68 0
44 1
71 0
69 0
71 0
68 0
44 0
69 0
70 0
71 0
44 1
69 0
69 0
70 0
355 3
69 0
46 0
68 0
69 1
44 0
45 0
68 0
69 0
72 0
48 0
70 0
75 0
71 0
73 0
355 1
71 0
72 0
45 0
72 0
72 0
72 1
46 0
357 0
100 0
75 0
78 0
46 0
70 0
71 0
44 1
73 0
71 0
75 0
73 0
71 1
72 0
72 0
45 0
46 0
73 0
72 0
73 0
45 0
72 0
72 1
74 0
44 0
71 0
73 0
72 0
74 1
75 1
72 0
337 0
72 0
74 0
72 0
72 0
339 0
72 0
72 1
46 0
70 0
72 0
72 0
74 0
44 0
74 0
72 0
46 1
46 0
64 1
63 0
45 0
66 0
63 0
62 0
63 0
45 0
62 0
62 0
64 0
45 0
65 0
61 0
64 0
65 0
44 0
62 0
64 1
63 3
63 0
45 0
64 0
61 0
63 0
63 0
62 1
65 0
45 1
63 1
63 0
64 0
44 0
64 0
62 0
44 2
62 0
62 0
44 1
63 2
63 0
44 0
64 0
63 1
62 0
63 1
66 0
63 0
44 0
64 0
69 1
65 0
44 0
65 0
64 0
346 0
45 0
45 0
65 0
68 0
64 0
45 0
67 0
68 0
67 0
83 1
67 0
111 0
48 1
67 0
65 0
67 0
82 0
338 0
66 0
99 0
64 0
65 0
46 0
64 0
356 0
68 0
50 0
70 0
75 0
65 0
50 1
70 0
200 0
140 0
81 0
45 0
75 0
69 0
51 1
65 1
66 0
68 0
65 1
64 0
65 0
45 0
86 0
67 0
67 0
69 0
51 0
68 0
70 0
71 1
51 0
67 0
75 0
70 0
55 0
70 1
79 0
69 0
47 0
68 0
70 0
69 0
45 0
44 0
70 0
68 0
71 0
69 3
69 0
46 0
69 0
77 0
69 0
70 1
69 1
45 1
72 1
71 0
67 0
44 0
69 0
69 0
70 0
45 0
69 0
354 0
71 0
73 0
45 0
69 0
69 0
70 0
45 0
47 0
68 0
69 0
69 0
45 0
68 0
70 1
71 0
47 0
71 0
67 1
44 0
68 0
68 0
69 0
72 0
44 0
69 0
74 0
70 0
68 0
44 0
63 0
65 0
65 0
47 0
63 0
63 0
61 0
63 0
45 0
63 0
64 1
44 0
46 0
64 0
64 0
45 1
64 0
339 0
342 0
66 0
46 0
65 0
91 1
46 0
67 0
67 0
69 0
66 0
49 0
69 0
66 0
66 0
66 0
46 0
64 0
65 0
46 1
69 0
73 0
72 0
69 0
45 0
69 0
70 0
71 0
45 0
46 0
71 0
351 0
69 0
47 0
72 0
71 0
71 0
69 0
44 0
69 0
68 0
50 1
69 0
70 0
68 0
69 0
46 0
70 0
69 0
70 0
68 0
45 0
70 0
70 0
44 1
71 0
69 0
70 0
314 1
73 0
335 0
46 1
45 0
69 0
70 1
45 0
70 0
70 0
69 0
70 0
46 0
70 0
69 0
69 0
69 1
69 0
68 0
94 0
47 0
73 0
69 0
64 0
64 0
64 1
64 0
62 0
46 0
64 0
63 0
64 0
63 0
45 0
63 0
64 0
65 0
45 0
45 0
65 0
63 1
45 0
64 0
63 0
68 0
66 0
46 0
62 0
63 0
61 0
45 0
62 0
62 0
65 0
63 0
45 0
63 0
67 0
63 0
44 1
65 0
63 0
64 0
47 0
341 0
63 0
62 0
45 1
64 0
63 1
45 0
46 0
63 0
69 0
64 0
45 0
80 0
63 0
65 0
64 0
44 0
62 0
64 0
66 0
44 0
63 0
66 0
66 0
65 0
45 0
63 0
62 1
63 0
64 1
63 0
62 0
44 0
62 0
63 1
63 0
45 0
65 1
68 0
44 0
46 0
62 0
64 0
67 0
51 0
65 0
64 0
63 0
46 1
64 0
64 0
67 0
44 0
67 0
68 0
66 0
44 1
68 0
69 0
66 0
46 1
68 0
68 0
67 0
67 1
69 0
69 1
71 1
68 0
46 1
45 0
66 0
70 0
68 0
44 0
67 0
67 0
67 0
68 0
46 0
67 0
69 0
44 1
67 0
67 0
73 0
67 0
44 0
67 1
67 0
66 0
45 0
74 0
72 0
67 0
47 0
71 0
67 0
45 2
66 0
71 0
67 0
45 1
67 0
67 0
68 0
44 0
69 0
67 0
67 0
67 0
47 0
75 0
66 0
67 0
44 0
69 0
67 0
68 0
67 0
62 0
66 1
70 0
72 0
67 1
65 0
68 0
66 1
66 0
64 0
65 0
645 1
45 2
45 0
66 0
65 1
44 0
67 0
66 1
75 0
47 0
65 2
45 0
64 0
67 0
65 0
66 0
44 0
65 3
48 0
64 0
65 0
65 0
45 0
67 0
65 0
65 0
45 1
65 0
63 1
45 0
66 3
44 0
65 0
68 0
67 1
46 0
64 0
65 0
65 0
45 0
63 0
64 0
66 0
65 0
47 0
68 0
65 0
65 0
64 0
48 0
65 0
65 0
65 0
47 0
65 0
65 0
65 1
45 0
66 0
114 0
68 0
48 0
48 0
68 0
66 0
68 0
45 0
66 0
68 1
69 0
52 0
69 0
68 0
67 0
45 0
67 0
67 0
67 0
67 0
45 0
68 0
67 0
66 0
70 0
46 0
67 0
66 0
68 0
74 0
69 0
68 0
67 0
68 0
333 0
66 0
67 1
46 0
45 0
69 1
68 0
45 0
68 0
69 0
67 1
45 0
67 0
66 1
45 0
68 1
67 0
70 0
46 0
102 0
76 0
69 0
70 0
45 0
69 0
70 0
44 1
70 0
69 0
69 0
71 0
46 0
70 0
74 0
72 0
44 0
44 0
70 0
70 0
69 0
44 0
70 0
68 0
65 1
46 0
64 0
65 0
65 0
45 0
65 0
65 0
63 0
66 0
45 0
65 0
65 0
65 0
65 2
64 0
65 0
45 0
67 0
65 0
67 1
45 0
65 0
65 1
43 0
65 1
65 0
65 0
46 0
65 0
67 0
65 0
65 0
70 0
67 0
64 0
65 0
44 0
67 0
68 0
64 0
65 0
330 0
65 0
64 0
65 1
47 0
66 0
68 0
44 1
64 0
68 1
66 0
44 0
65 0
65 0
65 0
45 1
65 0
342 0
66 0
45 0
65 0
65 0
65 0
45 1
65 0
66 0
65 0
47 0
66 0
63 0
62 0
64 0
45 0
62 0
63 0
63 0
63 0
44 0
62 1
62 0
45 0
63 1
63 0
64 0
45 0
63 0
64 0
63 0
46 1
63 0
64 0
63 0
46 0
63 0
64 0
63 0
63 0
45 0
65 0
63 0
63 0
44 0
62 0
62 0
69 0
44 1
69 0
71 0
71 0
69 0
45 0
69 0
69 0
71 2
70 0
69 0
69 0
46 0
69 0
68 0
77 0
49 0
68 1
69 1
46 0
68 0
69 0
72 0
73 0
45 0
85 0
74 0
70 0
44 0
73 0
72 0
76 0
107 0
69 0
77 0
86 0
117 0
115 0
338 0
361 0
80 0
80 0
96 1
95 0
75 0
81 0
74 1
73 0
72 0
44 1
71 0
72 0
91 0
55 0
72 0
71 0
73 0
71 0
45 0
73 0
73 0
72 0
73 1
73 0
122 0
75 0
48 0
75 0
72 1
46 1
71 0
136 0
94 0
55 0
72 0
72 0
72 0
73 0
44 0
73 0
72 0
72 0
46 0
44 0
81 0
73 0
75 0
71 1
71 0
72 1
46 0
71 0
73 0
71 0
45 0
72 0
116 0
73 0
44 1
72 0
72 0
72 0
73 0
43 0
72 0
72 0
72 0
80 0
73 0
73 0
71 0
72 0
45 0
71 0
73 0
71 0
45 0
45 0
72 0
71 0
80 0
45 0
72 1
72 0
45 1
72 2
51 0
70 0
71 1
71 0
46 0
73 1
72 1
71 1
73 0
72 0
74 1
72 0
71 0
71 3
71 0
45 0
72 1
75 0
78 0
66 1
67 1
66 0
44 0
66 0
124 0
66 0
45 0
65 0
66 0
70 0
67 0
45 0
68 0
68 0
66 0
67 0
44 0
98 0
67 1
44 0
67 0
66 0
66 0
68 0
47 0
68 0
68 0
352 0
46 1
67 0
66 0
70 0
66 2
79 2
75 1
72 0
45 0
69 0
70 2
71 1
77 0
128 0
74 0
45 0
81 1
70 0
69 1
87 0
69 0
44 1
108 0
68 0
69 0
70 2
82 0
70 0
71 1
68 0
77 0
47 1
73 0
71 0
357 0
45 0
68 1
81 1
71 1
69 0
69 0
79 0
53 0
89 1
69 0
55 0
88 0
75 0
69 0
362 0
47 0
67 0
68 0
66 0
44 0
87 0
89 0
66 0
66 0
44 0
66 0
68 0
67 0
66 0
43 0
67 0
66 0
65 0
71 1
68 0
68 0
356 0
49 0
66 0
68 0
66 1
48 0
67 0
66 0
65 0
46 0
64 0
63 0
64 0
65 0
45 0
64 0
66 0
48 2
69 0
66 0
65 0
44 0
65 0
66 0
64 0
65 0
46 0
65 0
64 0
65 0
47 0
344 1
64 0
63 0
45 0
66 1
65 0
71 0
46 0
64 0
64 0
63 0
44 0
65 0
65 0
66 0
66 0
44 0
68 0
68 0
80 0
51 0
47 0
69 0
67 0
68 0
44 0
67 0
68 1
46 1
67 0
68 0
67 0
51 0
68 0
66 0
70 0
45 1
66 0
70 0
70 0
66 0
45 0
68 0
66 0
67 2
67 0
68 0
68 0
45 0
67 0
67 0
45 1
46 0
68 0
68 0
69 0
44 0
67 0
66 0
67 0
66 2
65 0
67 0
46 0
70 0
67 1
44 1
68 1
67 0
68 0
46 0
67 0
65 1
67 1
70 0
66 1
45 0
66 0
67 0
44 1
44 0
67 0
67 0
67 0
45 0
68 1
69 0
66 0
44 0
68 1
67 0
44 0
353 0
68 0
67 0
66 0
44 0
68 0
66 0
67 0
69 0
46 0
68 0
67 0
66 0
55 0
65 0
69 0
67 0
45 1
67 0
347 0
67 0
44 1
69 0
70 0
69 0
68 1
66 0
67 0
70 0
329 0
68 0
70 0
67 0
44 0
67 0
67 0
68 0
46 1
71 1
65 0
67 0
45 0
67 0
68 0
68 0
45 0
71 0
67 0
68 0
45 1
66 0
65 0
67 0
44 0
46 0
66 0
67 0
67 0
44 0
66 0
68 1
69 0
44 0
65 0
66 0
67 0
88 0
66 0
66 0
67 0
69 0
47 0
67 0
68 0
68 0
65 0
64 1
65 0
62 0
45 0
62 0
63 0
63 0
63 0
52 0
63 0
65 0
341 0
45 0
62 1
62 0
46 1
62 0
63 0
63 0
63 0
45 0
63 0
64 0
61 0
45 0
64 0
62 0
62 0
63 0
44 0
64 0
64 0
63 0
64 0
61 1
63 0
65 0
62 1
62 0
63 1
64 2
45 1
46 0
62 0
63 0
73 0
46 0
72 0
72 0
71 0
44 1
72 0
73 1
49 0
72 0
72 0
72 0
74 0
45 0
71 1
74 0
72 0
44 0
71 1
72 0
46 0
72 0
71 0
73 0
73 2
72 0
74 0
48 0
70 3
45 0
72 0
73 1
71 0
44 0
74 0
72 0
71 0
45 0
73 0
73 1
45 1
71 0
72 0
362 0
73 0
44 0
68 0
70 0
68 0
45 0
69 0
70 1
70 0
68 1
353 0
44 1
44 0
347 0
71 0
69 0
45 0
70 0
73 0
68 0
69 2
70 1
46 0
70 0
69 0
68 0
70 0
45 0
72 0
68 1
70 0
44 0
68 0
69 0
354 0
46 0
68 0
70 0
71 0
69 0
45 0
69 0
70 1
46 0
43 0
71 0
69 0
68 0
45 0
70 0
69 1
68 0
44 0
70 1
70 0
71 1
69 0
68 0
70 0
45 0
78 0
69 0
70 0
69 0
44 0
68 1
45 1
66 0
67 0
67 0
67 0
45 0
65 0
68 0
43 1
323 0
66 0
68 0
66 0
44 0
67 0
66 0
68 0
68 0
46 0
68 0
66 0
67 0
67 1
66 1
45 1
66 3
65 1
348 1
46 0
345 0
67 0
68 0
68 0
43 0
66 0
67 0
68 0
45 0
45 0
67 0
67 0
45 1
348 1
68 0
74 0
68 1
69 0
68 0
45 0
66 0
65 1
67 0
46 0
65 0
69 0
66 0
66 0
66 1
70 1
68 1
68 0
68 0
68 0
45 0
67 0
70 0
66 0
1762 0
46 0
65 0
65 0
43 1
66 0
68 0
67 0
71 0
43 0
67 0
67 0
67 0
45 0
67 1
68 0
67 0
44 0
68 0
66 0
66 1
47 0
65 0
68 0
45 1
64 0
67 1
66 0
43 0
79 2
64 2
65 0
64 0
47 0
66 0
64 1
64 0
45 0
65 0
65 0
44 1
65 1
65 0
44 1
65 0
65 1
64 0
65 2
66 0
46 0
64 0
64 0
67 0
66 0
45 0
63 0
64 0
63 0
45 0
44 0
65 1
64 0
47 0
62 0
62 0
62 0
67 0
44 0
63 1
44 1
61 0
64 0
43 2
65 0
62 0
62 0
62 0
44 0
65 0
63 0
64 0
46 0
62 0
350 1
45 1
63 0
62 1
52 0
76 0
63 0
62 0
342 0
46 0
64 0
67 0
62 0
64 0
46 0
62 0
64 0
64 0
46 0
64 1
65 0
64 0
45 0
339 0
64 0
63 0
63 0
61 1
63 0
341 0
63 2
68 0
67 0
44 0
67 0
66 0
68 0
47 1
67 1
66 0
46 0
65 0
68 0
67 0
67 0
68 1
67 0
348 0
47 0
64 0
67 0
65 1
47 0
69 0
67 1
67 0
45 0
66 1
68 0
45 0
69 0
66 0
66 0
67 0
46 0
66 0
45 3
66 1
67 0
45 0
68 0
67 0
44 2
67 0
66 0
74 0
48 0
66 0
67 0
67 0
67 0
44 0
68 1
68 0
68 0
44 0
68 0
69 0
68 0
73 1
70 0
68 0
67 0
45 0
67 0
67 1
46 0
44 0
69 0
67 0
66 0
45 0
66 0
343 1
64 0
64 2
64 0
44 0
64 0
64 0
63 0
64 0
46 0
66 0
62 0
64 0
64 0
45 0
73 0
63 0
64 0
46 0
63 0
63 0
62 0
63 0
47 0
63 0
63 0
46 1
45 0
64 0
63 0
62 0
45 0
62 0
62 0
63 0
63 0
44 0
64 0
63 0
63 0
47 0
64 0
63 0
61 1
45 0
62 0
63 0
45 2
62 0
65 0
62 0
46 0
63 0
63 0
64 1
45 0
63 0
62 0
63 0
44 1
61 0
64 0
43 1
62 0
65 0
63 0
62 0
63 3
46 0
62 0
65 0
63 0
63 0
45 0
62 0
62 0
65 1
45 0
64 0
65 0
64 0
49 0
65 0
64 4
65 0
64 0
44 1
66 0
64 0
66 0
46 0
66 0
65 0
64 0
65 0
45 0
65 1
66 0
50 0
64 0
67 0
66 0
68 0
45 0
69 0
68 0
70 1
71 1
44 2
68 0
71 1
69 0
45 0
69 0
71 1
45 0
70 2
68 0
46 0
349 0
69 0
69 0
62 0
44 0
65 0
64 0
63 0
49 0
62 0
63 0
63 0
64 0
44 0
65 1
63 0
63 0
44 0
64 0
65 0
62 0
44 0
62 0
64 0
63 0
64 0
44 0
62 0
63 0
62 0
46 0
45 0
62 1
44 1
64 0
62 0
63 0
44 1
63 0
63 0
46 1
62 0
63 0
64 0
64 0
53 0
63 1
64 0
65 0
62 1
62 0
63 2
65 0
64 0
45 1
63 0
66 0
63 0
45 0
44 0
337 0
63 0
62 0
44 0
63 0
63 0
66 0
45 1
62 0
62 0
63 0
62 1
64 0
64 0
63 0
64 2
65 0
45 1
65 0
62 0
43 1
62 0
63 0
66 0
63 0
46 0
62 0
64 0
44 2
66 0
65 1
44 0
63 0
64 2
45 0
64 0
66 0
64 0
67 1
64 0
68 0
66 0
44 0
64 0
66 0
65 0
45 1
64 0
65 0
65 0
45 0
65 0
344 1
66 0
46 0
342 0
65 0
66 0
45 0
45 0
64 0
65 0
66 0
45 0
65 0
66 0
64 1
47 0
64 0
64 0
63 0
44 0
65 0
66 0
66 0
65 0
46 0
63 0
65 0
66 0
65 0
43 0
67 2
44 0
65 1
65 0
65 0
44 0
66 0
65 1
44 0
43 0
68 0
64 0
45 1
65 0
65 0
65 0
64 0
45 0
65 1
65 0
45 0
65 0
63 0
66 0
66 2
64 0
66 0
67 0
44 0
63 0
66 0
66 0
45 0
71 0
66 0
64 0
65 0
44 0
63 0
64 0
64 0
44 1
67 0
65 0
64 0
45 0
66 0
65 0
65 0
67 0
64 1
343 0
65 4
65 0
65 1
65 0
66 1
46 0
66 0
66 0
45 1
65 1
65 1
44 0
63 0
66 0
66 0
44 0
43 0
64 0
68 0
66 0
47 0
64 0
64 0
66 0
45 1
65 1
65 0
45 0
63 0
343 1
65 0
45 0
65 0
64 0
68 0
67 0
44 0
65 0
65 0
66 0
45 0
64 0
65 0
67 0
45 1
63 0
62 0
46 1
45 0
63 0
63 0
63 0
44 0
62 0
62 0
63 0
62 0
46 0
62 0
64 1
44 0
76 0
63 0
63 0
64 0
45 0
63 0
62 0
62 0
62 0
44 0
66 0
64 0
63 0
44 0
62 0
64 0
63 0
46 1
63 0
46 2
43 0
62 0
63 0
62 0
45 0
61 0
63 0
63 0
63 0
45 0
64 1
64 0
43 0
63 0
66 0
62 0
80 0
43 0
62 0
65 1
64 0
46 0
66 0
65 1
47 0
63 0
64 0
65 0
45 1
65 0
64 0
65 0
47 0
43 0
66 0
66 1
45 0
64 0
66 0
65 1
45 0
63 0
67 0
65 0
45 0
64 0
66 0
66 0
65 0
46 0
65 0
67 0
65 0
65 0
66 1
65 0
66 0
63 1
65 0
66 0
66 0
46 0
65 0
64 0
65 0
45 0
45 0
64 0
65 0
65 0
47 0
63 0
64 0
66 1
45 0
64 0
65 0
64 0
64 2
65 1
46 0
66 0
66 0
65 1
47 0
66 0
66 0
347 0
66 1
66 0
65 0
66 0
45 0
65 0
66 0
65 0
45 0
46 0
63 0
65 0
44 1
65 1
67 0
65 0
52 0
70 0
65 0
65 0
47 0
64 0
66 0
65 0
63 0
44 0
72 1
72 1
73 1
71 0
72 0
44 0
70 0
71 0
73 0
72 0
44 0
73 0
72 0
71 0
45 0
355 1
72 0
73 0
43 0
71 0
355 0
72 0
71 2
72 0
72 0
44 0
72 0
355 0
360 0
71 0
70 1
71 0
75 1
44 0
72 0
77 1
46 0
71 0
73 0
72 0
70 0
46 0
76 0
72 0
44 2
72 1
73 0
45 0
72 0
71 1
45 1
71 0
74 0
73 0
43 0
71 0
73 0
71 1
46 0
68 1
66 1
44 0
65 0
67 0
69 0
45 0
66 0
66 0
67 0
67 0
43 0
68 0
67 0
68 0
44 0
44 0
68 0
67 0
47 1
66 0
68 0
67 0
45 1
66 0
70 0
67 0
45 0
73 0
72 0
46 2
70 1
73 0
73 0
44 0
71 0
72 0
72 0
44 0
80 0
71 0
73 0
72 0
45 0
72 2
46 0
44 0
72 0
72 0
73 0
45 0
72 1
71 0
72 0
44 0
70 0
74 1
46 0
70 0
72 0
71 0
71 0
44 0
70 0
73 0
69 1
45 0
71 0
72 0
72 0
45 0
72 0
72 0
71 0
72 0
72 1
71 0
73 0
330 1
358 0
72 0
73 0
44 0
72 0
65 0
62 0
63 0
46 0
61 0
62 0
62 0
49 0
63 0
63 0
62 0
63 0
45 0
61 0
64 0
63 0
46 1
65 0
64 0
64 0
43 0
63 0
68 0
62 0
62 0
62 1
64 0
45 1
45 0
63 0
64 0
63 0
46 0
63 0
62 1
64 0
45 0
63 1
44 1
63 0
62 0
62 0
64 0
45 0
62 0
61 0
66 0
65 0
63 1
63 0
63 0
44 0
66 0
63 0
63 0
63 0
61 1
63 0
67 0
46 0
66 1
68 0
66 0
45 0
66 0
67 0
346 1
46 0
87 0
70 0
66 0
45 0
66 0
65 1
67 0
45 0
67 0
66 0
73 0
67 0
44 0
67 0
67 0
67 0
47 0
65 0
67 1
67 0
73 2
72 0
45 1
71 0
71 1
73 1
70 0
71 0
72 0
73 1
44 2
71 0
70 0
72 0
72 2
71 0
73 0
72 0
47 0
73 1
72 0
45 0
71 0
72 1
44 1
71 0
73 0
72 0
45 0
71 1
72 0
72 0
46 0
72 1
72 0
73 0
43 0
73 0
71 0
45 1
72 0
73 0
73 0
44 1
73 0
72 1
73 0
45 0
72 0
362 0
72 0
46 0
64 0
66 0
64 0
65 0
45 0
66 0
66 1
45 0
66 1
65 0
65 0
46 0
64 0
65 0
66 0
66 0
63 1
65 0
66 0
44 0
66 0
64 0
65 0
65 0
44 0
65 0
65 0
66 1
44 0
65 0
64 0
64 2
65 0
66 0
66 0
44 0
65 0
64 0
65 0
47 0
45 0
65 0
66 1
46 0
64 0
44 3
65 0
64 0
66 0
65 1
64 0
45 2
68 0
64 1
66 0
43 0
63 0
345 0
45 1
69 0
64 0
64 0
66 0
43 0
65 0
64 0
66 0
65 4
44 0
64 0
66 0
67 0
80 0
43 0
66 0
65 0
68 0
45 0
66 0
67 0
66 0
67 0
44 0
66 0
67 0
67 0
67 0
45 0
66 0
68 0
67 0
67 1
65 0
67 1
65 1
68 0
66 0
44 0
45 0
65 0
67 0
66 0
44 0
74 0
70 0
74 0
73 0
45 0
71 0
73 0
71 0
72 1
72 0
72 0
72 0
45 0
72 1
72 0
74 0
43 0
72 0
75 0
73 0
44 0
71 0
70 0
73 1
367 1
73 0
72 0
45 0
44 0
73 0
72 0
72 0
45 0
71 0
73 1
73 0
45 0
72 0
71 0
45 1
71 0
72 1
71 0
45 0
74 0
71 0
72 0
73 0
45 0
71 0
72 1
46 0
71 1
72 0
74 0
71 1
74 0
50 1
44 0
353 1
72 0
44 0
69 1
68 0
68 0
45 0
67 0
71 0
69 0
51 0
67 0
71 0
68 0
47 1
71 0
68 0
69 0
45 1
69 0
69 0
68 0
45 0
70 0
68 0
68 0
68 0
68 1
69 0
69 0
46 1
69 0
68 0
70 0
43 0
70 0
68 0
71 1
44 0
69 0
70 1
45 0
68 0
68 0
69 0
69 0
46 0
70 0
68 0
70 0
69 0
70 1
68 0
70 0
45 0
69 0
67 0
69 0
69 0
68 1
70 0
69 0
46 0
44 0
72 0
69 0
44 1
68 0
70 0
68 0
68 0
44 0
68 0
69 0
68 0
68 1
70 0
70 0
68 0
46 0
71 0
70 0
69 1
46 0
68 0
69 0
70 0
45 0
68 0
69 0
74 0
69 0
45 0
75 0
69 0
46 1
69 1
69 0
68 0
45 0
69 0
68 0
69 0
67 0
69 2
69 0
45 0
69 1
70 1
44 0
68 0
70 0
69 0
68 0
45 0
353 0
72 0
74 0
45 0
73 0
73 0
75 0
71 0
45 0
72 1
72 0
45 0
46 0
72 0
74 0
71 0
46 0
71 0
72 0
72 0
71 0
45 0
74 1
72 0
43 0
72 0
70 0
73 0
72 0
45 0
71 0
80 0
76 0
72 0
43 0
72 0
72 0
72 0
44 0
71 0
73 0
73 0
49 1
72 0
70 0
43 1
44 0
73 1
72 0
45 0
