151
111
138
104
107
72
125
104
110
87
67
87
65
92
65
87
58
88
72
85
92
91
383
122
79
99
90
73
101
74
84
58
73
77
81
49
81
57
74
61
84
83
78
69
68
87
54
83
58
77
80
91
67
101
86
83
83
425
102
135
71
81
75
77
78
53
64
75
81
61
92
70
73
62
76
53
78
72
89
76
107
107
111
122
88
91
58
86
53
78
61
78
72
73
104
89
74
86
69
67
55
91
86
75
93
90
110
62
97
63
67
52
86
64
133
56
253
56
59
103
106
126
66
106
111
108
82
99
90
102
58
90
70
79
62
119
109
92
129
88
79
103
108
61
84
55
84
56
72
59
90
58
79
62
88
51
50
94
55
85
54
87
55
86
358
89
57
80
58
98
62
84
63
62
69
61
86
55
81
60
91
54
87
59
76
59
88
80
105
56
83
59
59
78
61
79
71
83
68
89
63
86
58
83
56
87
64
74
62
80
75
46
82
59
71
55
97
74
98
55
77
63
124
57
84
109
88
72
100
79
57
87
97
80
71
99
55
82
173
89
78
86
56
95
50
76
55
48
63
59
74
63
87
56
84
59
79
58
83
68
78
59
128
68
71
60
62
89
63
76
79
69
63
76
62
68
68
88
71
73
54
78
62
76
66
80
74
59
88
54
82
89
79
70
78
95
95
63
81
58
88
62
78
72
78
80
52
94
85
127
113
124
91
72
64
88
67
81
67
73
89
63
77
85
77
60
77
71
68
69
70
80
87
57
89
59
81
75
69
69
55
83
89
79
78
133
60
87
61
87
52
84
68
79
60
77
65
75
52
75
75
59
75
61
88
80
95
69
76
70
78
56
83
61
86
94
376
68
62
79
64
78
69
112
57
95
61
88
66
126
61
91
62
79
62
70
55
61
107
89
72
64
96
85
85
66
85
60
101
68
88
64
87
71
59
81
77
89
65
90
67
94
66
90
91
116
72
119
67
86
69
110
80
64
91
63
85
64
82
111
124
383
122
56
102
111
82
86
114
54
82
86
64
91
57
124
58
110
94
90
82
87
65
92
70
91
58
82
82
58
65
66
81
78
77
61
80
70
106
67
89
56
82
78
88
102
131
98
113
101
96
115
60
65
62
146
63
87
57
107
60
85
64
107
72
88
63
68
77
101
91
81
118
58
93
60
93
57
100
62
99
60
145
64
75
74
61
86
61
88
64
86
72
86
55
75
65
86
82
137
76
84
62
104
88
61
84
70
106
55
89
80
79
55
85
79
116
57
79
55
91
78
82
92
52
98
65
85
54
86
57
92
68
88
59
89
75
82
55
80
63
56
82
81
80
66
89
65
78
58
80
61
84
68
82
55
80
74
76
84
54
75
80
75
136
104
48
71
61
80
55
84
59
87
51
74
58
63
61
93
164
62
75
61
144
69
94
80
90
64
104
53
93
62
91
168
81
77
88
373
67
68
86
83
69
72
54
75
65
88
69
86
65
78
60
80
78
64
80
47
84
75
81
85
81
69
83
61
88
51
87
56
95
354
58
81
57
88
104
87
68
89
55
97
63
91
58
82
53
94
53
50
54
66
82
61
89
59
87
52
84
70
84
52
83
62
113
76
90
52
50
76
98
119
67
84
55
81
78
100
60
120
61
85
52
94
54
92
90
62
82
68
89
67
94
52
86
57
76
53
87
53
79
49
69
52
67
52
52
86
52
68
53
67
52
69
52
67
53
68
51
69
44
62
44
323
87
95
77
50
68
53
67
49
75
114
121
112
117
106
86
75
101
64
348
69
51
69
51
68
52
69
59
71
88
89
52
73
58
78
52
85
59
51
77
55
86
51
76
49
96
95
125
94
114
67
96
92
115
96
118
54
48
73
46
75
54
74
46
74
45
75
46
74
56
74
46
69
44
44
46
49
77
45
73
45
72
45
73
46
72
48
74
44
92
93
113
94
94
127
59
78
68
125
94
128
72
79
87
113
102
106
72
109
62
87
92
50
76
53
79
52
77
53
376
53
66
47
64
45
63
45
64
325
63
44
45
66
45
63
46
65
45
63
46
63
45
65
44
62
46
63
99
78
72
107
119
106
120
108
111
391
96
94
109
94
76
51
70
60
69
51
50
82
47
70
50
71
50
70
50
71
49
110
50
69
50
70
62
68
49
46
65
45
65
46
65
45
392
127
87
88
407
92
427
91
108
63
76
353
51
80
49
77
55
76
53
77
53
76
53
77
53
76
53
77
53
49
50
49
78
46
72
362
104
86
116
87
121
125
101
74
115
76
104
73
90
110
90
110
49
78
52
77
54
78
51
76
64
66
53
69
54
75
50
47
63
44
65
48
64
47
72
120
133
417
122
59
429
101
423
67
79
99
81
127
94
127
82
102
99
107
92
110
111
107
83
126
91
101
70
62
68
70
89
72
89
61
77
78
97
78
88
73
89
80
98
82
98
80
80
101
70
107
69
111
83
108
90
109
92
118
101
100
90
100
84
100
86
116
128
168
118
86
83
72
91
88
126
75
73
67
85
73
91
380
89
81
90
109
91
100
89
111
91
116
92
108
82
130
110
107
74
98
75
76
81
391
125
53
76
52
77
53
72
50
70
51
69
48
72
48
82
58
48
71
45
67
47
68
68
107
365
106
80
112
86
111
90
120
91
127
130
70
93
55
72
47
72
48
72
48
72
48
73
47
72
48
72
48
72
48
47
66
45
69
46
69
47
75
45
66
45
68
48
70
46
67
47
45
44
45
68
51
66
46
69
47
67
45
81
46
66
45
67
47
68
46
47
68
46
69
46
66
47
69
45
69
47
72
45
72
46
75
47
74
75
352
110
671
117
76
83
52
77
53
79
51
76
53
76
53
78
53
77
53
49
77
53
78
52
91
83
116
50
77
52
78
52
78
53
76
53
51
49
49
77
54
76
53
71
48
73
46
72
324
70
48
70
46
73
45
46
69
90
111
94
117
95
718
90
126
85
110
59
75
55
74
47
72
47
49
73
47
85
54
74
45
75
56
72
45
76
55
70
48
72
47
72
48
47
69
46
70
324
70
46
69
48
69
45
70
45
69
48
70
46
48
46
45
73
65
116
89
414
681
125
94
96
53
77
52
76
52
79
51
340
77
84
117
63
76
52
78
51
77
52
78
52
79
51
76
54
77
53
49
78
53
78
52
77
52
72
45
73
46
73
46
73
47
71
45
73
45
47
73
45
74
45
74
45
71
46
73
49
74
45
73
45
77
57
45
45
45
72
44
73
45
73
48
73
49
70
46
70
45
68
46
70
46
48
70
47
68
45
70
48
69
44
70
44
69
46
69
45
70
48
70
44
46
68
46
70
46
70
46
71
45
70
47
68
321
69
45
65
46
66
47
47
67
45
67
46
66
45
67
45
66
45
66
46
65
46
65
46
319
45
46
66
47
66
49
64
44
66
320
66
45
64
47
67
47
67
45
45
66
46
65
45
67
46
65
46
66
45
65
48
65
46
67
45
65
46
46
67
47
68
45
66
45
69
46
67
45
67
45
67
48
69
48
70
45
44
67
47
67
45
68
47
67
45
70
47
69
47
68
44
67
46
45
46
45
70
46
67
47
68
45
69
52
67
46
67
46
67
45
69
47
44
67
47
68
61
66
48
68
51
72
45
67
46
67
45
67
45
66
44
47
67
46
66
47
66
48
63
46
67
45
66
45
66
45
65
44
65
47
47
65
44
68
44
67
49
68
46
66
46
66
45
66
48
65
45
44
45
46
67
47
65
47
66
45
64
45
66
47
66
44
69
47
66
45
44
67
46
66
317
65
45
66
48
66
45
66
47
339
44
65
45
66
47
47
65
47
65
45
64
46
66
45
66
46
66
49
66
48
65
46
66
46
46
67
46
65
47
66
49
66
46
65
45
66
46
64
52
65
46
48
46
46
65
46
65
44
68
46
64
45
63
46
64
48
63
47
64
45
45
333
52
64
46
64
47
66
44
64
46
64
57
64
47
70
321
65
46
44
66
45
64
45
62
45
65
45
63
45
63
45
62
45
63
46
61
47
47
65
44
64
45
64
47
64
45
64
46
64
45
64
45
63
47
45
44
46
62
45
63
46
70
46
67
46
68
46
68
47
68
44
68
320
45
68
47
68
47
67
66
67
47
68
46
69
45
67
48
69
45
68
45
47
67
53
69
47
68
46
69
46
68
46
68
47
68
45
87
655
107
82
92
111
79
109
99
121
58
72
47
72
47
72
47
74
45
74
56
50
50
50
74
46
75
45
71
50
70
45
69
47
69
46
70
46
69
47
44
69
48
71
44
73
45
73
46
70
46
68
47
70
46
69
46
71
46
46
70
46
70
47
73
45
69
46
69
45
68
371
128
107
122
92
109
97
102
120
89
112
98
115
93
114
56
71
48
72
48
73
58
73
46
50
49
52
77
50
71
49
71
48
70
50
70
50
69
49
69
50
66
47
45
66
54
64
45
65
45
69
45
66
47
68
47
65
49
66
46
67
45
45
71
46
64
46
65
89
107
374
101
80
108
90
103
388
103
56
70
50
50
70
50
70
50
70
49
71
50
69
49
70
50
65
48
67
46
46
45
45
67
45
69
47
67
47
66
44
68
47
68
47
67
46
68
45
46
73
47
67
45
67
46
71
47
69
46
68
46
68
46
67
47
66
45
46
67
48
67
46
64
46
65
45
65
47
76
46
64
45
68
47
64
47
45
66
46
80
88
374
81
110
89
109
91
109
91
113
94
113
61
79
89
79
80
50
69
49
70
50
69
50
71
49
71
49
73
57
69
50
330
70
49
70
50
75
45
63
46
66
46
65
45
67
55
68
48
68
46
49
69
46
343
44
69
46
70
66
70
46
71
50
70
82
103
77
114
87
99
411
86
420
52
74
117
73
56
75
57
72
55
84
56
74
56
52
47
49
73
57
73
46
95
55
105
56
75
45
69
45
71
44
68
48
45
70
45
69
47
71
45
70
44
70
47
89
81
100
74
102
82
108
83
408
98
92
127
106
116
90
107
83
92
77
78
52
68
53
67
53
67
52
49
68
53
69
50
68
52
69
50
68
51
68
51
68
52
68
332
49
326
46
64
46
64
49
63
45
67
45
66
49
114
46
66
46
67
44
47
64
46
65
48
64
45
63
51
64
48
65
43
64
47
63
46
63
61
65
670
370
108
82
78
51
68
51
77
53
77
53
77
53
79
51
77
52
49
92
54
77
48
76
45
72
45
71
48
77
46
73
46
72
47
45
52
48
73
45
72
48
67
46
68
48
78
46
68
46
355
46
67
46
48
68
88
111
92
115
387
111
92
111
86
713
58
71
48
72
48
72
48
50
72
48
72
47
72
48
72
47
77
46
74
47
73
46
72
46
72
46
46
73
46
73
45
74
47
73
46
79
44
73
45
76
47
74
69
46
45
45
74
46
72
327
74
46
72
45
73
48
71
45
75
47
73
46
46
73
45
75
46
67
63
107
84
110
86
110
380
111
89
114
96
115
95
53
81
56
74
57
78
50
75
47
73
46
74
56
74
55
74
47
74
50
45
75
47
70
46
70
372
85
46
67
52
72
47
72
48
72
48
50
50
50
72
48
71
47
73
89
390
95
107
88
103
380
111
85
116
52
49
75
56
74
46
74
48
71
46
74
46
74
46
75
54
75
45
76
54
49
74
56
74
46
74
47
69
46
73
44
70
44
70
49
71
46
70
45
58
71
60
71
56
71
45
71
119
69
49
70
45
70
46
72
45
46
48
45
71
46
70
45
72
46
72
44
70
47
69
45
71
45
69
46
45
69
47
96
84
121
92
123
105
419
78
112
78
106
84
113
67
82
46
50
73
47
74
56
74
46
73
46
75
55
75
45
75
46
97
86
115
46
45
70
45
72
46
69
46
69
45
69
329
71
46
69
49
69
44
45
46
44
68
45
69
46
69
45
71
45
70
45
387
95
397
388
84
78
367
118
74
83
56
75
56
72
45
74
46
76
54
74
46
75
55
69
45
48
70
47
70
46
70
45
69
325
69
44
70
45
70
48
69
334
70
45
45
73
50
69
45
91
1254
116
101
115
87
113
87
122
68
85
56
108
393
97
86
54
81
49
73
56
72
58
72
57
72
60
80
58
76
54
50
80
48
82
51
85
51
76
55
115
54
84
55
84
57
83
57
82
58
59
73
57
74
77
120
97
125
106
120
57
93
67
96
114
125
97
122
97
98
124
97
134
96
114
52
74
58
72
55
87
52
75
55
75
55
50
50
51
73
56
75
57
84
55
77
52
75
56
75
55
74
56
85
55
51
72
56
74
56
70
45
69
47
68
46
79
77
102
88
382
53
75
46
49
363
46
349
43
71
47
67
45
67
46
71
45
67
46
70
47
66
323
48
69
46
69
46
68
47
67
45
67
44
341
45
69
49
67
44
46
47
48
68
45
113
49
70
45
67
45
68
46
70
46
70
46
68
46
46
67
46
67
48
67
46
68
45
69
46
69
47
67
46
70
50
67
46
46
68
45
68
320
70
46
73
45
73
45
73
46
74
48
72
125
79
48
47
73
47
80
48
85
55
75
49
77
51
78
48
74
49
78
52
59
51
51
86
53
77
65
89
87
76
342
77
52
77
51
77
53
78
51
51
76
64
76
335
72
45
74
44
74
45
74
47
75
46
72
46
80
47
45
71
48
72
47
73
45
74
44
74
45
72
45
73
46
73
45
75
44
47
70
46
70
46
69
45
70
45
69
46
71
46
70
45
68
67
46
47
47
69
48
70
45
69
44
70
46
70
48
70
45
70
45
69
50
44
70
47
70
45
69
45
70
47
71
47
73
47
69
48
68
47
70
46
46
70
45
71
45
75
47
69
47
69
44
71
45
71
45
72
48
70
48
44
69
324
68
46
69
48
69
46
69
46
70
47
71
46
69
46
49
46
46
69
47
69
46
69
44
69
48
69
46
72
45
69
46
70
45
48
70
45
70
47
69
46
68
44
76
45
69
44
71
47
77
328
71
45
46
67
48
70
46
68
46
70
322
68
45
